,Omeka Item #,DataScribe Item #,DataScribe Record #,DataScribe Record Position,Year,is_missing,is_illegible,Week,is_missing,is_illegible,Unique ID,is_missing,is_illegible,Start Day,is_missing,is_illegible,Start Month,is_missing,is_illegible,End Day,is_missing,is_illegible,End month,is_missing,is_illegible,St Alban Woodstreet - Buried,is_missing,is_illegible,St Alban Woodstreet - Plague,is_missing,is_illegible,Alhallows Barking - Buried,is_missing,is_illegible,Alhallows Barking - Plague,is_missing,is_illegible,Alhallows Breadstreet - Buried,is_missing,is_illegible,Alhallows Breadstreet - Plague,is_missing,is_illegible,Alhallows Great - Buried,is_missing,is_illegible,Alhallows Great - Plague,is_missing,is_illegible,Alhallows Honylane - Buried,is_missing,is_illegible,Alhallows Honylane - Plague,is_missing,is_illegible,Alhallows Lesse - Buried,is_missing,is_illegible,Alhallows Lesse - Plague,is_missing,is_illegible,Alhallows Lumbardstreet - Buried,is_missing,is_illegible,Alhallows Lumbardstreet - Plague,is_missing,is_illegible,Alhallows Stayning - Buried,is_missing,is_illegible,Alhallows Stayning - Plague,is_missing,is_illegible,Alhallows the Wall - Buried,is_missing,is_illegible,Alhallows the Wall - Plague,is_missing,is_illegible,St Alphage - Buried,is_missing,is_illegible,St Alphage - Plague,is_missing,is_illegible,St Andrew Hubbard - Buried,is_missing,is_illegible,St Andrew Hubbard - Plague,is_missing,is_illegible,St Andrew Undershaft - Buried,is_missing,is_illegible,St Andrew Undershaft - Plague,is_missing,is_illegible,St Andrew Wardrobe - Buried,is_missing,is_illegible,St Andrew Wardrobe - Plague,is_missing,is_illegible,St Ann Aldersgate - Buried,is_missing,is_illegible,St Ann Aldersgate - Plague,is_missing,is_illegible,St Ann Blackfryers - Buried,is_missing,is_illegible,St Ann Blackfryers - Plague,is_missing,is_illegible,St Antholins Parish - Buried,is_missing,is_illegible,St Antholins Parish - Plague,is_missing,is_illegible,St Austins Parish - Buried,is_missing,is_illegible,St Austins Parish - Plague,is_missing,is_illegible,St Bartholomew Exchange - Buried,is_missing,is_illegible,St Bartholomew Exchange - Plague,is_missing,is_illegible,St Bennet Fynck - Buried,is_missing,is_illegible,St Bennet Fynck - Plague,is_missing,is_illegible,St Bennet Gracechurch - Buried,is_missing,is_illegible,St Bennet Gracechurch - Plague,is_missing,is_illegible,St Bennet Paulswharf - Buried,is_missing,is_illegible,St Bennet Paulswharf - Plague,is_missing,is_illegible,St Bennet Sherehog - Buried,is_missing,is_illegible,St Bennet Sherehog - Plague,is_missing,is_illegible,St Botolph Billingsgate - Buried,is_missing,is_illegible,St Botolph Billingsgate - Plague,is_missing,is_illegible,Christ Church - Buried,is_missing,is_illegible,Christ Church - Plague,is_missing,is_illegible,St Christophers - Buried,is_missing,is_illegible,St Christophers - Plague,is_missing,is_illegible,St Clement Eastcheap - Buried,is_missing,is_illegible,St Clement Eastcheap - Plague,is_missing,is_illegible,St Dionis Backchurch - Buried,is_missing,is_illegible,St Dionis Backchurch - Plague,is_missing,is_illegible,St Dunstan East - Buried,is_missing,is_illegible,St Dunstan East - Plague,is_missing,is_illegible,St Edmund Lumbardstr. - Buried,is_missing,is_illegible,St Edmund Lumbardstr. - Plague,is_missing,is_illegible,St Ethelborough - Buried,is_missing,is_illegible,St Ethelborough - Plague,is_missing,is_illegible,St Faith - Buried,is_missing,is_illegible,St Faith - Plague,is_missing,is_illegible,St Foster - Buried,is_missing,is_illegible,St Foster - Plague,is_missing,is_illegible,St Gabriel Fenchurch - Buried,is_missing,is_illegible,St Gabriel Fenchurch - Plague,is_missing,is_illegible,St George Botolphlane - Buried,is_missing,is_illegible,St George Botolphlane - Plague,is_missing,is_illegible,St Gregory by St Pauls - Buried,is_missing,is_illegible,St Gregory by St Pauls - Plague,is_missing,is_illegible,St Hellen - Buried,is_missing,is_illegible,St Hellen - Plague,is_missing,is_illegible,St James Dukes place - Buried,is_missing,is_illegible,St James Dukes place - Plague,is_missing,is_illegible,St James Garlickhithe - Buried,is_missing,is_illegible,St James Garlickhithe - Plague,is_missing,is_illegible,St John Baptist - Buried,is_missing,is_illegible,St John Baptist - Plague,is_missing,is_illegible,St John Evangelist - Buried,is_missing,is_illegible,St John Evangelist - Plague,is_missing,is_illegible,St John Zachary - Buried,is_missing,is_illegible,St John Zachary - Plague,is_missing,is_illegible,St Katharine Coleman - Buried,is_missing,is_illegible,St Katharine Coleman - Plague,is_missing,is_illegible,St Katharine Creechurch - Buried,is_missing,is_illegible,St Katharine Creechurch - Plague,is_missing,is_illegible,St Lawrence Jewry - Buried,is_missing,is_illegible,St Lawrence Jewry - Plague,is_missing,is_illegible,St Lawrence Pountney - Buried,is_missing,is_illegible,St Lawrence Pountney - Plague,is_missing,is_illegible,St Leonard Eastcheap - Buried,is_missing,is_illegible,St Leonard Eastcheap - Plague,is_missing,is_illegible,St Leonard Fosterlane - Buried,is_missing,is_illegible,St Leonard Fosterlane - Plague,is_missing,is_illegible,St Magnus Parish - Buried,is_missing,is_illegible,St Magnus Parish - Plague,is_missing,is_illegible,St Margaret Lothbury - Buried,is_missing,is_illegible,St Margaret Lothbury - Plague,is_missing,is_illegible,St Margaret Moses - Buried,is_missing,is_illegible,St Margaret Moses - Plague,is_missing,is_illegible,St Margaret Newfishstreet - Buried,is_missing,is_illegible,St Margaret Newfishstreet - Plague,is_missing,is_illegible,St Margaret Pattons - Buried,is_missing,is_illegible,St Margaret Pattons - Plague,is_missing,is_illegible,St Mary Abchurch - Buried,is_missing,is_illegible,St Mary Abchurch - Plague,is_missing,is_illegible,St Mary Aldermanbury - Buried,is_missing,is_illegible,St Mary Aldermanbury - Plague,is_missing,is_illegible,St Mary Aldermary - Buried,is_missing,is_illegible,St Mary Aldermary - Plague,is_missing,is_illegible,St Mary le Bow - Buried,is_missing,is_illegible,St Mary le Bow - Plague,is_missing,is_illegible,St Mary Bothaw - Buried,is_missing,is_illegible,St Mary Bothaw - Plague,is_missing,is_illegible,St Mary Colechurch - Buried,is_missing,is_illegible,St Mary Colechurch - Plague,is_missing,is_illegible,St Mary Hill - Buried,is_missing,is_illegible,St Mary Hill - Plague,is_missing,is_illegible,St Mary Mounthaw - Buried,is_missing,is_illegible,St Mary Mounthaw - Plague,is_missing,is_illegible,St Mary Sommerset - Buried,is_missing,is_illegible,St Mary Sommerset - Plague,is_missing,is_illegible,St Mary Stayning - Buried,is_missing,is_illegible,St Mary Stayning - Plague,is_missing,is_illegible,St Mary Woolchurch - Buried,is_missing,is_illegible,St Mary Woolchurch - Plague,is_missing,is_illegible,St Mary Woolnoth - Buried,is_missing,is_illegible,St Mary Woolnoth - Plague,is_missing,is_illegible,St Martin Iremongerlane - Buried,is_missing,is_illegible,St Martin Iremongerlane - Plague,is_missing,is_illegible,St Martin Ludgate - Buried,is_missing,is_illegible,St Martin Ludgate - Plague,is_missing,is_illegible,St Martin Orgars - Buried,is_missing,is_illegible,St Martin Orgars - Plague,is_missing,is_illegible,St Martin Outwich - Buried,is_missing,is_illegible,St Martin Outwich - Plague,is_missing,is_illegible,St Martin Vintrey - Buried,is_missing,is_illegible,St Martin Vintrey - Plague,is_missing,is_illegible,St Matthew Fridaystreet - Buried,is_missing,is_illegible,St Matthew Fridaystreet - Plague,is_missing,is_illegible,St Maudlin Milkstreet - Buried,is_missing,is_illegible,St Maudlin Milkstreet - Plague,is_missing,is_illegible,St Maudlin Oldfishstreet - Buried,is_missing,is_illegible,St Maudlin Oldfishstreet - Plague,is_missing,is_illegible,St Michael Bassishaw - Buried,is_missing,is_illegible,St Michael Bassishaw - Plague,is_missing,is_illegible,St Michael Cornhil - Buried,is_missing,is_illegible,St Michael Cornhil - Plague,is_missing,is_illegible,St Michael Crookedlane - Buried,is_missing,is_illegible,St Michael Crookedlane - Plague,is_missing,is_illegible,St Michael Queenhithe - Buried,is_missing,is_illegible,St Michael Queenhithe - Plague,is_missing,is_illegible,St Michael Quern - Buried,is_missing,is_illegible,St Michael Quern - Plague,is_missing,is_illegible,St Michael Royal - Buried,is_missing,is_illegible,St Michael Royal - Plague,is_missing,is_illegible,St Michael Woodstreet - Buried,is_missing,is_illegible,St Michael Woodstreet - Plague,is_missing,is_illegible,St Mildred Breadstreet - Buried,is_missing,is_illegible,St Mildred Breadstreet - Plague,is_missing,is_illegible,St Mildred Poultrey - Buried,is_missing,is_illegible,St Mildred Poultrey - Plague,is_missing,is_illegible,St Nicholas Acons - Buried,is_missing,is_illegible,St Nicholas Acons - Plague,is_missing,is_illegible,St Nicholas Coleabby - Buried,is_missing,is_illegible,St Nicholas Coleabby - Plague,is_missing,is_illegible,St Nicholas Olaves - Buried,is_missing,is_illegible,St Nicholas Olaves - Plague,is_missing,is_illegible,St Olave Hartstreet - Buried,is_missing,is_illegible,St Olave Hartstreet - Plague,is_missing,is_illegible,St Olave Jewry - Buried,is_missing,is_illegible,St Olave Jewry - Plague,is_missing,is_illegible,St Olave Silverstreet - Buried,is_missing,is_illegible,St Olave Silverstreet - Plague,is_missing,is_illegible,St Pancras Soperlane - Buried,is_missing,is_illegible,St Pancras Soperlane - Plague,is_missing,is_illegible,St Peter Cheap - Buried,is_missing,is_illegible,St Peter Cheap - Plague,is_missing,is_illegible,St Peter Cornhil - Buried,is_missing,is_illegible,St Peter Cornhil - Plague,is_missing,is_illegible,St Peter Paulswharf - Buried,is_missing,is_illegible,St Peter Paulswharf - Plague,is_missing,is_illegible,St Peter Poor - Buried,is_missing,is_illegible,St Peter Poor - Plague,is_missing,is_illegible,St Steven Colemanstreet - Buried,is_missing,is_illegible,St Steven Colemanstreet - Plague,is_missing,is_illegible,St Steven Walbrook - Buried,is_missing,is_illegible,St Steven Walbrook - Plague,is_missing,is_illegible,St Swithin - Buried,is_missing,is_illegible,St Swithin - Plague,is_missing,is_illegible,St Thomas Apostles - Buried,is_missing,is_illegible,St Thomas Apostles - Plague,is_missing,is_illegible,Trinity Parish - Buried,is_missing,is_illegible,Trinity Parish - Plague,is_missing,is_illegible,Christened in the 97 Parishes within the Walls,is_missing,is_illegible,Buried in the 97 Parishes within the Walls,is_missing,is_illegible,Plague in the 97 Parishes within the Walls,is_missing,is_illegible,St Andrew Holborn - Buried,is_missing,is_illegible,St Andrew Holborn - Plague,is_missing,is_illegible,St Bartholomew Great - Buried,is_missing,is_illegible,St Bartholomew Great - Plague,is_missing,is_illegible,St Bartholomew Less - Buried,is_missing,is_illegible,St Bartholomew Less - Plague,is_missing,is_illegible,St Bridget - Buried,is_missing,is_illegible,St Bridget - Plague,is_missing,is_illegible,Bridewel Precinct - Buried,is_missing,is_illegible,Bridewel Precinct - Plague,is_missing,is_illegible,St Botolph Aldersgate - Buried,is_missing,is_illegible,St Botolph Aldersgate - Plague,is_missing,is_illegible,St Botolph Aldgate - Buried,is_missing,is_illegible,St Botolph Aldgate - Plague,is_missing,is_illegible,St Botolph Bishopsgate - Buried,is_missing,is_illegible,St Botolph Bishopsgate - Plague,is_missing,is_illegible,Christ Church in Surry - Buried,is_missing,is_illegible,Christ Church in Surry - Plague,is_missing,is_illegible,St Dunstan West - Buried,is_missing,is_illegible,St Dunstan West - Plague,is_missing,is_illegible,St George Southwark - Buried,is_missing,is_illegible,St George Southwark - Plague,is_missing,is_illegible,St Giles Cripplegate - Buried,is_missing,is_illegible,St Giles Cripplegate - Plague,is_missing,is_illegible,St Olave Southwark - Buried,is_missing,is_illegible,St Olave Southwark - Plague,is_missing,is_illegible,Saviours Southwark - Buried,is_missing,is_illegible,Saviours Southwark - Plague,is_missing,is_illegible,S Sepulchres Parish - Buried,is_missing,is_illegible,S Sepulchres Parish - Plague,is_missing,is_illegible,St Thomas Southwark - Buried,is_missing,is_illegible,St Thomas Southwark - Plague,is_missing,is_illegible,Trinity Minories - Buried,is_missing,is_illegible,Trinity Minories - Plague,is_missing,is_illegible,Pesthouse Without the Walls - Buried,is_missing,is_illegible,Pesthouse Without the Walls - Plague,is_missing,is_illegible,Christened in the parishes without the Walls,is_missing,is_illegible,Buried in the parishes without the Walls,is_missing,is_illegible,Plague in the parishes without the Walls,is_missing,is_illegible,St Giles in the Field - Buried,is_missing,is_illegible,St Giles in the Field - Plague,is_missing,is_illegible,Hackney Parish - Buried,is_missing,is_illegible,Hackney Parish - Plague,is_missing,is_illegible,St James Clerkenwel - Buried,is_missing,is_illegible,St James Clerkenwel - Plague,is_missing,is_illegible,St Katharine Tower - Buried,is_missing,is_illegible,St Katharine Tower - Plague,is_missing,is_illegible,Lambeth Parish - Buried,is_missing,is_illegible,Lambeth Parish - Plague,is_missing,is_illegible,St Leonard Shoreditch - Buried,is_missing,is_illegible,St Leonard Shoreditch - Plague,is_missing,is_illegible,St Magdalen Bermondsey - Buried,is_missing,is_illegible,St Magdalen Bermondsey - Plague,is_missing,is_illegible,St Mary Newington - Buried,is_missing,is_illegible,St Mary Newington - Plague,is_missing,is_illegible,St Mary Islington - Buried,is_missing,is_illegible,St Mary Islington - Plague,is_missing,is_illegible,St Mary Whitechappel - Buried,is_missing,is_illegible,St Mary Whitechappel - Plague,is_missing,is_illegible,St Pauls Shadwel - Buried,is_missing,is_illegible,St Pauls Shadwel - Plague,is_missing,is_illegible,Rothorith Parish - Buried,is_missing,is_illegible,Rothorith Parish - Plague,is_missing,is_illegible,Stepney Parish - Buried,is_missing,is_illegible,Stepney Parish - Plague,is_missing,is_illegible,Christened in the out-Parishes in Middlesex and Surrey,is_missing,is_illegible,Buried in the out-Parishes in Middlesex and Surrey,is_missing,is_illegible,Plague in the out-Parishes in Middlesex and Surrey,is_missing,is_illegible,St Clement Danes - Buried,is_missing,is_illegible,St Clement Danes - Plague,is_missing,is_illegible,St Paul Covent Garden - Buried,is_missing,is_illegible,St Paul Covent Garden - Plague,is_missing,is_illegible,St Martin in the fields - Buried,is_missing,is_illegible,St Martin in the fields - Plague,is_missing,is_illegible,St Mary Savoy - Buried,is_missing,is_illegible,St Mary Savoy - Plague,is_missing,is_illegible,St Margaret Westminster - Buried,is_missing,is_illegible,St Margaret Westminster - Plague,is_missing,is_illegible,Pesthouse in Westminster - Buried,is_missing,is_illegible,Pesthouse in Westminster - Plague,is_missing,is_illegible,Christened in the Parishes and Liberties of Westminster,is_missing,is_illegible,Buried in the Parishes and Liberties of Westminster,is_missing,is_illegible,Plague in the Parishes and Liberties of Westminster,is_missing,is_illegible
,25774,23537,2978,1,1665,,,1,,,BL-1665-01-recto,,,19,,,December,,,26,,,December,,,2,,,,,,1,,,,,,,,,,,,3,,,2,,,,,,,,,,,,,,,,,,,,,1,,,1,,,,,,,,,,,,,,,,,,,,,,,,,,,2,,,1,,,1,,,1,,,6,,,3,,,,,,,,,,,,,,,1,,,,,,,,,,,,,,,,,,1,,,,,,,,,,,,1,,,1,,,1,,,,,,2,,,2,,,2,,,1,,,,,,,,,,,,3,,,,,,1,,,,,,,,,,,,2,,,,,,,,,,,,,,,,,,,,,,,,,,,,,,,,,1,,,1,,,1,,,,,,1,,,,,,,,,,,,,,,,,,2,,,1,,,1,,,,,,1,,,,,,1,,,1,,,,,,,,,1,,,,,,,,,,,,,,,,,,,,,,,,3,,,,,,,,,,,,1,,,,,,,,,,,,,,,,,,1,,,,,,1,,,1,,,,,,,,,,,,,,,1,,,,,,1,,,,,,,,,,,,1,,,,,,,,,,,,,,,,,,,,,,,,1,,,1,,,,,,,,,,,,,,,,,,,,,,,,,,,,,,,,,,,,,,,1,,,,,,2,,,2,,,1,,,1,,,,,,,,,,,,,,,,,,,,,2,,,1,,,1,,,1,,,1,,,,,,,,,,,,,,,,,,1,,,1,,,,,,,,,,,,,,,,,,,,,,,,,,,1,,,1,,,,,,,,,1,,,,,,2,,,2,,,,,,,,,2,,,1,,,,,,,,,,,,,,,17,,,64,,,27,,,13,,,6,,,1,,,,,,,,,,,,5,,,1,,,,,,,,,4,,,3,,,13,,,6,,,5,,,1,,,,1,,,1,,3,,,,,,4,,,4,,,16,,,3,,,17,,,9,,,30,,,22,,,6,,,2,,,4,,,2,,,1,,,,,,,,,,,,35,,,122,,,59,,,11,,,4,,,1,,,1,,,1,,,,,,4,,,1,,,6,,,4,,,6,,,1,,,10,,,3,,,5,,,3,,,,,,,,,8,,,4,,,,1,,,1,,2,,,2,,,43,,,28,,,22,,,97,,,51,,,9,,,1,,,3,,,,,,13,,,4,,,3,,,1,,,19,,,9,,,,1,,,,,16,,,47,,,15,,
,25775,23538,2979,1,1665,,,2,,,BL-1665-02-recto,,,26,,,December,,,2,,,January,,,,,,,,,,,,,,,,,,,,,3,,,1,,,,,,,,,,,,,,,,,,,,,1,,,,,,1,,,1,,,1,,,1,,,,,,,,,,,,,,,1,,,1,,,1,,,,,,1,,,,,,,,,,,,,,,,,,1,,,,,,,,,,,,,,,,,,1,,,,,,,,,,,,1,,,,,,1,,,1,,,,,,,,,,,,,,,,,,,,,2,,,2,,,1,,,,,,,,,,,,1,,,1,,,1,,,,,,1,,,,,,,,,,,,1,,,,,,1,,,,,,,,,,,,2,,,,,,,,,,,,,,,,,,,,,,,,1,,,,,,,,,,,,1,,,,,,,,,,,,,,,,,,,,,,,,,,,,,,,,,,,,1,,,,,,,,,,,,1,,,1,,,,,,,,,2,,,,,,,,,,,,,,,,,,,,,,,,,,,,,,,,,,,,,,,,,,,,,,,,,,,,,,1,,,,,,1,,,,,,,,,,,,1,,,,,,,,,,,,,,,,,,,,,,,,,,,,,,,,,,,,2,,,,,,,,,,,,1,,,,,,1,,,1,,,1,,,,,,,,,,,,,,,,,,,,,,,,,,,,,,,,,,,,,,,,,,,,,,,,,,,,,,,,,,,,,,,,,,1,,,,,,,,,,,,,,,,,,1,,,1,,,1,,,1,,,,,,,,,3,,,2,,,,,,,,,,,,,,,,,,,,,,,,,,,27,,,43,,,14,,,12,,,4,,,1,,,,,,,,,,,,12,,,,,,1,,,1,,,2,,,,,,15,,,9,,,6,,,1,,,,1,,,1,,7,,,2,,,4,,,3,,,7,,,1,,,7,,,1,,,11,,,2,,,3,,,,,,2,,,,,,1,,,,,,,,,,,,44,,,91,,,24,,,6,,,2,,,,,,,,,3,,,1,,,1,,,,,,4,,,3,,,2,,,,,,9,,,1,,,1,,,,,,,,,,,,13,,,3,,,,1,,,1,,1,,,1,,,35,,,12,,,27,,,75,,,23,,,9,,,1,,,1,,,,,,18,,,5,,,1,,,,,,15,,,3,,,,1,,,,,24,,,44,,,9,,
,25776,23539,2980,1,1665,,,3,,,BL-1665-03-recto,,,,,1,January,,,9,,,January,,,,,,,,,1,,,,,,,,,,,,2,,,,,,,,,,,,2,,,2,,,,,,,,,,,,,,,1,,,1,,,,,,,,,2,,,2,,,,,,,,,1,,,,,,1,,,1,,,3,,,2,,,,,,,,,,,,,,,2,,,1,,,,,,,,,,,,,,,,,,,,,,,,,,,3,,,2,,,1,,,,,,,,,,,,,,,,,,3,,,,,,1,,,1,,,,,,,,,,,,,,,,,,,,,,,,,,,,,,,,,,,,,,,1,,,,,,1,,,,,,,,,,,,2,,,,,,1,,,,,,,,,,,,,,,,,,,,,,,,,,,,,,,,,,,,2,,,1,,,,,,,,,,,,,,,1,,,,,,2,,,1,,,,,,,,,,,,,,,,,,,,,2,,,,,,1,,,,,,2,,,2,,,,,,,,,,,,,,,,,,,,,1,,,,,,,,,,,,3,,,1,,,,,,,,,1,,,,,,,,,,,,,,,,,,,,,,,,,,,,,,,,,,,,,,,,,,,,,,,,,,,,,,2,,,,,,2,,,1,,,1,,,,,,,,,,,,1,,,,,,,,,,,,,,,,,,,,,,,,1,,,,,,,,,,,,,,,,,,,,,,,,1,,,1,,,,,,,,,,,,,,,,,,,,,,,,,,,,,,,,,1,,,1,,,,,,,,,,,,,,,1,,,1,,,1,,,,,,1,,,,,,,,,,,,1,,,1,,,39,,,56,,,22,,,6,,,4,,,1,,,1,,,1,,,,,,7,,,2,,,,,,,,,,,,,,,10,,,3,,,7,,,1,,,,1,,,1,,6,,,2,,,1,,,,,,11,,,4,,,7,,,2,,,16,,,8,,,9,,,,,,1,,,,,,1,,,,,,,,,,,,47,,,84,,,27,,,10,,,1,,,1,,,,,,4,,,,,,4,,,,,,9,,,5,,,6,,,,,,10,,,5,,,3,,,,,,2,,,,,,13,,,3,,,,1,,,1,,5,,,3,,,31,,,16,,,40,,,98,,,33,,,6,,,1,,,1,,,,,,9,,,2,,,1,,,,,,10,,,4,,,,1,,,,,20,,,27,,,7,,
,25777,23540,2981,1,1665,,,4,,,BL-1665-04-recto,,,9,,,January,,,16,,,January,,,,,,,,,1,,,,,,,,,,,,,,,,,,,,,,,,2,,,2,,,,,,,,,1,,,,,,2,,,1,,,1,,,,,,,,,,,,1,,,1,,,3,,,2,,,1,,,,,,2,,,1,,,,,,,,,1,,,1,,,,,,,,,1,,,1,,,1,,,,,,,,,,,,,,,,,,1,,,,,,2,,,1,,,,,,,,,1,,,1,,,1,,,1,,,2,,,2,,,1,,,1,,,1,,,1,,,,,,,,,,,,,,,,,,,,,,,,,,,1,,,,,,,,,,,,3,,,2,,,,,,,,,1,,,1,,,,,,,,,1,,,,,,3,,,3,,,1,,,1,,,,,,,,,1,,,1,,,1,,,,,,,,,,,,,,,,,,,,,,,,,,,,,,1,,,,,,3,,,1,,,1,,,,,,,,,,,,,,,,,,1,,,,,,,,,,,,,,,,,,1,,,1,,,,,,,,,3,,,,,,,,,,,,,,,,,,1,,,,,,,,,,,,,,,,,,2,,,1,,,,,,,,,3,,,,,,,,,,,,,,,,,,1,,,1,,,1,,,,,,1,,,1,,,1,,,1,,,3,,,1,,,,,,,,,,,,,,,1,,,,,,,,,,,,,,,,,,,,,,,,,,,,,,,,,,,,2,,,2,,,,,,,,,,,,,,,,,,,,,,,,,,,,,,,,,,,,,,,,,,,,,4,,,2,,,1,,,,,,,,,,,,1,,,,,,,,,,,,35,,,70,,,35,,,9,,,7,,,,,,,,,2,,,,,,10,,,2,,,1,,,,,,30,,,,,,13,,,6,,,6,,,,,,,1,,,1,,4,,,3,,,4,,,,,,17,,,3,,,17,,,4,,,29,,,21,,,13,,,5,,,2,,,1,,,,,,,,,1,,,1,,,41,,,131,,,53,,,14,,,6,,,1,,,,,,3,,,1,,,4,,,,,,10,,,6,,,5,,,1,,,12,,,7,,,3,,,,,,5,,,,,,8,,,4,,,,1,,,1,,8,,,8,,,50,,,29,,,37,,,123,,,62,,,7,,,,,,2,,,,,,23,,,3,,,1,,,,,,18,,,5,,,,1,,,,,22,,,51,,,8,,
,25778,23541,2982,1,1665,,,5,,,BL-1665-05-recto,,,16,,,January,,,23,,,January,,,1,,,,,,5,,,,,,,,,,,,2,,,1,,,1,,,,,,,,,,,,,,,,,,2,,,,,,2,,,1,,,1,,,,,,,,,,,,1,,,1,,,2,,,,,,5,,,1,,,2,,,,,,,,,,,,,,,,,,,,,,,,2,,,,,,,,,,,,,,,,,,1,,,,,,1,,,1,,,2,,,,,,,,,,,,,,,,,,,,,,,,1,,,,,,3,,,3,,,2,,,1,,,,,,,,,,,,,,,,,,,,,,,,,,,,,,,,,2,,,,,,3,,,1,,,,,,,,,1,,,,,,,,,,,,,,,,,,1,,,,,,3,,,2,,,,,,,,,3,,,3,,,,,,,,,,,,,,,1,,,,,,,,,,,,,,,,,,1,,,,,,2,,,,,,,,,,,,,,,,,,,,,,,,,,,,,,,,,,,,,,,,,,,,,,,,,,,,,,1,,,1,,,,,,,,,1,,,,,,,,,,,,,,,,,,1,,,,,,,,,,,,,,,,,,1,,,,,,1,,,,,,,,,,,,,,,,,,,,,,,,,,,,,,1,,,,,,3,,,,,,,,,,,,,,,,,,1,,,,,,,,,,,,1,,,,,,1,,,,,,,,,,,,,,,,,,,,,,,,,,,,,,,,,,,,,,,,,,,,,,,,,,,,,,,,,,,,,,,,,,2,,,,,,,,,,,,2,,,,,,,,,,,,,,,,,,31,,,69,,,16,,,7,,,2,,,2,,,,,,,,,,,,5,,,1,,,,,,,,,,,,,,,14,,,4,,,4,,,1,,,,1,,,1,,2,,,,,,2,,,,,,18,,,5,,,11,,,1,,,9,,,6,,,4,,,2,,,2,,,1,,,1,,,,,,1,,,1,,,59,,,82,,,24,,,12,,,,,,1,,,1,,,3,,,1,,,2,,,1,,,8,,,8,,,6,,,1,,,5,,,2,,,3,,,,,,2,,,,,,7,,,,,,,1,,,1,,5,,,2,,,35,,,18,,,34,,,89,,,34,,,4,,,,,,,,,,,,11,,,2,,,,,,,,,17,,,3,,,,1,,,,,25,,,32,,,5,,
,25779,23542,2983,1,1665,,,6,,,BL-1665-06-recto,,,23,,,January,,,30,,,January,,,,,,,,,4,,,2,,,,,,,,,,,,,,,,,,,,,2,,,2,,,,,,,,,,,,,,,1,,,1,,,1,,,,,,,,,,,,,,,,,,,,,,,,,,,,,,2,,,1,,,,,,,,,,,,,,,,,,,,,,,,,,,1,,,,,,1,,,,,,,,,,,,,,,,,,,,,,,,,,,,,,1,,,1,,,,,,,,,2,,,,,,1,,,1,,,,,,,,,1,,,,,,1,,,,,,,,,,,,1,,,,,,1,,,,,,,,,,,,1,,,1,,,,,,,,,,,,,,,,,,,,,,,,,,,1,,,,,,3,,,1,,,,,,,,,1,,,1,,,,,,,,,2,,,1,,,1,,,,,,1,,,1,,,,,,,,,,,,,,,,,,,,,1,,,1,,,1,,,,,,1,,,1,,,,,,,,,,,,,,,,,,,,,1,,,,,,1,,,1,,,1,,,,,,,,,,,,,,,,,,1,,,1,,,,,,,,,1,,,,,,,,,,,,,,,,,,,,,,,,1,,,,,,,,,,,,,,,,,,2,,,,,,,,,,,,,,,,,,1,,,,,,1,,,,,,1,,,,,,,,,,,,,,,,,,,,,,,,,,,,,,2,,,,,,1,,,,,,1,,,,,,,,,,,,,,,,,,,,,,,,,,,,,,,,,,,,1,,,,,,1,,,,,,2,,,1,,,1,,,,,,,,,,,,,,,,,,1,,,,,,25,,,54,,,18,,,6,,,,,,1,,,,,,,,,,,,3,,,1,,,1,,,,,,2,,,,,,9,,,2,,,7,,,,,,,1,,,1,,1,,,1,,,,,,,,,12,,,2,,,9,,,1,,,10,,,6,,,9,,,,,,1,,,,,,,,,,,,,,,,,,61,,,71,,,13,,,4,,,,,,1,,,,,,3,,,1,,,1,,,,,,10,,,5,,,5,,,,,,3,,,1,,,5,,,2,,,,,,,,,5,,,,,,,1,,,1,,3,,,3,,,41,,,11,,,45,,,81,,,23,,,3,,,,,,,,,,,,5,,,,,,4,,,,,,9,,,2,,,,1,,,,,26,,,21,,,2,,
,25780,23543,2984,1,1665,,,7,,,BL-1665-07-recto,,,30,,,January,,,6,,,February,,,,,,,,,5,,,1,,,,,,,,,1,,,,,,,,,,,,,,,,,,,,,,,,2,,,,,,1,,,1,,,,,,,,,,,,,,,2,,,,,,1,,,,,,,,,,,,2,,,,,,,,,,,,,,,,,,,,,,,,,,,,,,,,,,,,1,,,,,,,,,,,,1,,,1,,,1,,,,,,,,,,,,1,,,1,,,1,,,,,,1,,,,,,,,,,,,,,,,,,1,,,,,,1,,,1,,,,,,,,,,,,,,,,,,,,,1,,,,,,,,,,,,1,,,,,,,,,,,,,,,,,,1,,,,,,,,,,,,2,,,1,,,,,,,,,1,,,,,,,,,,,,,,,,,,,,,,,,1,,,1,,,,,,,,,,,,,,,1,,,1,,,,,,,,,1,,,,,,,,,,,,1,,,,,,,,,,,,,,,,,,1,,,1,,,,,,,,,,,,,,,,,,,,,,,,,,,1,,,,,,,,,,,,1,,,,,,1,,,1,,,,,,,,,,,,,,,,,,,,,,,,,,,,,,,,,1,,,,,,1,,,,,,2,,,1,,,1,,,,,,,,,,,,1,,,,,,2,,,,,,,,,,,,,,,,,,,,,,,,,,,,,,,,,,,,2,,,,,,1,,,,,,1,,,,,,,,,,,,1,,,,,,,,,,,,1,,,,,,1,,,,,,,,,,,,,,,,,,,,,,,,,,,,,,,,,,,,32,,,51,,,11,,,8,,,1,,,,,,,,,,,,,,,2,,,,,,,,,,,,1,,,,,,6,,,4,,,5,,,1,,,,1,,,1,,4,,,,,,1,,,,,,16,,,1,,,6,,,1,,,12,,,5,,,12,,,1,,,1,,,,,,1,,,,,,,,,,,,51,,,75,,,14,,,7,,,,,,3,,,1,,,5,,,,,,5,,,,,,5,,,5,,,6,,,1,,,5,,,2,,,3,,,2,,,4,,,,,,5,,,,,,,1,,,1,,3,,,,,,25,,,15,,,37,,,76,,,26,,,8,,,1,,,2,,,,,,8,,,,,,1,,,,,,10,,,,,,,1,,,,,27,,,29,,,1,,
,25781,23544,2985,1,1665,,,8,,,BL-1665-08-recto,,,6,,,February,,,13,,,February,,,1,,,1,,,3,,,3,,,,,,,,,1,,,1,,,,,,,,,,,,,,,,,,,,,,,,,,,,,,,,,1,,,,,,,,,,,,,,,,,,1,,,,,,,,,,,,,,,,,,,,,,,,,,,,,,,,,,,,,,,,,,,,,,,,3,,,,,,,,,,,,,,,,,,2,,,,,,,,,,,,,,,,,,,,,,,,3,,,2,,,2,,,1,,,1,,,,,,,,,,,,,,,,,,,,,,,,,,,,,,,,,,,,1,,,,,,1,,,1,,,2,,,1,,,1,,,1,,,,,,,,,,,,,,,1,,,,,,,,,,,,2,,,,,,,,,,,,,,,,,,,,,,,,1,,,,,,,,,,,,,,,,,,,,,,,,,,,,,,1,,,,,,,,,,,,1,,,,,,1,,,,,,,,,,,,,,,,,,,,,,,,,,,,,,1,,,,,,,,,,,,1,,,,,,,,,,,,1,,,,,,1,,,,,,,,,,,,,,,,,,,,,,,,,,,,,,,,,,,,,,,,,,,,,,,,1,,,,,,1,,,,,,,,,,,,2,,,,,,,,,,,,,,,,,,,,,,,,,,,,,,,,,,,,1,,,,,,,,,,,,,,,,,,,,,,,,,,,,,,1,,,,,,1,,,,,,,,,,,,2,,,,,,,,,,,,,,,,,,,,,,,,,,,,,,,,,,,,1,,,,,,35,,,44,,,11,,,10,,,4,,,1,,,,,,,,,,,,10,,,1,,,,,,,,,7,,,,,,8,,,1,,,7,,,1,,,,1,,,1,,5,,,2,,,1,,,,,,9,,,3,,,11,,,1,,,13,,,5,,,8,,,3,,,1,,,,,,,,,,,,,,,,,,57,,,91,,,21,,,4,,,,,,3,,,,,,2,,,,,,2,,,,,,8,,,5,,,6,,,1,,,8,,,1,,,2,,,,,,,,,,,,13,,,4,,,,1,,,1,,4,,,1,,,32,,,11,,,46,,,84,,,23,,,5,,,1,,,,,,,,,13,,,2,,,,,,,,,12,,,1,,,,1,,,,,35,,,30,,,4,,
,25782,23545,2986,1,1665,,,9,,,BL-1665-09-recto,,,13,,,February,,,20,,,February,,,,,,,,,3,,,1,,,1,,,,,,5,,,1,,,,,,,,,4,,,3,,,,,,,,,,,,,,,1,,,,,,2,,,1,,,,,,,,,,,,,,,,,,,,,,,,,,,1,,,,,,,,,,,,1,,,1,,,,,,,,,1,,,,,,,,,,,,,,,,,,1,,,,,,,,,,,,2,,,1,,,,,,,,,1,,,,,,,,,,,,1,,,,,,,,,,,,,,,,,,,,,,,,,,,,,,,,,,,,,,,,,,4,,,,,,1,,,,,,,,,,,,1,,,,,,,,,,,,1,,,,,,,,,,,,,,,,,,1,,,,,,,,,,,,2,,,,,,,,,,,,1,,,,,,,,,,,,1,,,,,,,,,,,,,,,,,,,,,,,,,,,,,,,,,,,,,,,,,,1,,,,,,,,,,,,,,,,,,1,,,1,,,2,,,1,,,,,,,,,,,,,,,,,,,,,,,,,,,,,,,,,,,,,,,1,,,,,,,,,,,,,,,,,,,,,,,,,,,,,,1,,,1,,,1,,,,,,,,,,,,1,,,,,,2,,,1,,,,,,,,,2,,,,,,,,,,,,,,,,,,,,,,,,,,,,,,,,,,,,,,,,,,,,,,,,,,,,,,,,,,,,,,,,,,,,,,,,1,,,,,,1,,,,,,,,,,,,1,,,1,,,,,,,,,,,,,,,,,,,,,1,,,,,,37,,,52,,,13,,,15,,,5,,,1,,,,,,1,,,,,,7,,,,,,,,,,,,2,,,1,,,9,,,4,,,3,,,1,,,,1,,,1,,2,,,,,,6,,,,,,10,,,2,,,9,,,2,,,16,,,8,,,9,,,1,,,,,,,,,1,,,,,,1,,,1,,,62,,,92,,,25,,,8,,,1,,,3,,,1,,,5,,,1,,,2,,,,,,6,,,4,,,4,,,1,,,6,,,4,,,,,,,,,,,,,,,10,,,2,,,,1,,,1,,1,,,1,,,32,,,14,,,48,,,77,,,29,,,10,,,1,,,1,,,,,,15,,,,,,1,,,,,,4,,,1,,,,1,,,,,24,,,31,,,2,,
,25812,23546,2987,1,1665,,,10,,,BL-1665-10-recto,,,20,,,February,,,27,,,February,,,,,,,,,1,,,,,,,,,,,,1,,,,,,,,,,,,1,,,,,,,,,,,,,,,,,,2,,,,,,1,,,,,,,,,,,,1,,,,,,1,,,,,,,,,,,,,,,,,,,,,,,,,,,,,,,,,,,,2,,,1,,,,,,,,,1,,,,,,,,,,,,,,,,,,2,,,,,,,,,,,,1,,,,,,,,,,,,3,,,2,,,,,,,,,,,,,,,,,,,,,,,,,,,,,,,,,,,,,,,1,,,,,,2,,,,,,,,,,,,2,,,1,,,,,,,,,,,,,,,,,,,,,,,,,,,1,,,,,,,,,,,,,,,,,,,,,,,,,,,,,,,,,,,,,,,,,,,,,,,,,,,,,,2,,,,,,,,,,,,1,,,,,,,,,,,,,,,,,,,,,,,,,,,,,,,,,,,,,,,,,,,,,,,,1,,,,,,,,,,,,,,,,,,,,,,,,,,,,,,2,,,,,,,,,,,,,,,,,,,,,,,,,,,,,,1,,,,,,1,,,,,,1,,,,,,,,,,,,1,,,,,,,,,,,,,,,,,,1,,,,,,,,,,,,2,,,1,,,,,,,,,,,,,,,1,,,,,,2,,,,,,,,,,,,2,,,,,,1,,,,,,,,,,,,,,,,,,,,,,,,,,,,,,2,,,1,,,,,,,,,1,,,,,,,,,,,,1,,,,,,30,,,46,,,6,,,13,,,1,,,,,,,,,,,,,,,3,,,,,,1,,,,,,2,,,1,,,7,,,2,,,10,,,3,,,,1,,,1,,7,,,2,,,3,,,,,,7,,,1,,,10,,,2,,,8,,,,,,14,,,,,,1,,,,,,1,,,1,,,1,,,,,,56,,,88,,,13,,,9,,,2,,,1,,,,,,2,,,,,,4,,,,,,13,,,7,,,2,,,,,,8,,,4,,,4,,,,,,4,,,,,,2,,,,,,,,,,,,3,,,1,,,29,,,8,,,48,,,81,,,22,,,7,,,1,,,1,,,,,,6,,,,,,1,,,,,,7,,,,,,,1,,,,,24,,,22,,,1,,
,25813,23547,3002,1,1665,,,11,,,BL-1665-11-recto,,,27,,,February,,,6,,,March,,,1,,,,,,1,,,,,,,,,,,,,,,,,,,,,,,,,,,,,,,,,,,,,,,,,,1,,,1,,,2,,,,,,,,,,,,,,,,,,1,,,,,,1,,,,,,1,,,,,,,,,,,,2,,,,,,1,,,,,,1,,,,,,,,,,,,2,,,,,,,,,,,,,,,,,,2,,,,,,,,,,,,1,,,1,,,,,,,,,2,,,,,,,,,,,,1,,,,,,2,,,,,,,,,,,,,,,,,,,,,,,,,,,,,,1,,,,,,,,,,,,,,,,,,,,,,,,,,,,,,,,,,,,2,,,,,,1,,,,,,,,,,,,1,,,,,,1,,,,,,1,,,,,,,,,,,,,,,,,,,,,,,,1,,,,,,,,,,,,2,,,1,,,,,,,,,,,,,,,1,,,,,,,,,,,,,,,,,,,,,,,,1,,,1,,,,,,,,,,,,,,,1,,,,,,,,,,,,,,,,,,,,,,,,2,,,1,,,,,,,,,1,,,,,,,,,,,,,,,,,,1,,,,,,1,,,,,,,,,,,,3,,,1,,,,,,,,,,,,,,,,,,,,,,,,,,,,,,,,,,,,,,,1,,,1,,,2,,,,,,,,,,,,1,,,,,,1,,,,,,,,,,,,,,,,,,,,,,,,,,,,,,,,,,,,1,,,,,,2,,,,,,,,,,,,1,,,,,,1,,,,,,1,,,,,,37,,,54,,,7,,,7,,,,,,1,,,,,,1,,,,,,1,,,,,,1,,,,,,2,,,1,,,12,,,2,,,1,,,,,,,1,,,1,,2,,,,,,2,,,,,,13,,,1,,,14,,,2,,,7,,,,,,10,,,,,,1,,,,,,1,,,,,,,,,,,,52,,,76,,,6,,,14,,,,,,2,,,,,,10,,,1,,,,,,,,,3,,,1,,,5,,,,,,5,,,1,,,3,,,,,,3,,,,,,6,,,,,,,1,,,1,,4,,,2,,,18,,,6,,,49,,,73,,,11,,,5,,,1,,,,,,,,,18,,,1,,,2,,,2,,,10,,,,,,,1,,,,,22,,,35,,,4,,
,25814,23548,3003,1,1665,,,12,,,BL-1665-12-recto,,,6,,,March,,,13,,,March,,,,,,,,,3,,,,,,,,,,,,1,,,,,,,,,,,,1,,,,,,2,,,1,,,,,,,,,2,,,,,,,,,,,,,,,,,,1,,,,,,,,,,,,,,,,,,,,,,,,,,,,,,1,,,,,,,,,,,,,,,,,,1,,,,,,,,,,,,,,,,,,,,,,,,1,,,,,,,,,,,,,,,,,,,,,,,,2,,,,,,1,,,1,,,1,,,,,,1,,,,,,,,,,,,,,,,,,1,,,,,,1,,,,,,1,,,,,,1,,,,,,,,,,,,,,,,,,,,,,,,2,,,,,,1,,,,,,,,,,,,,,,,,,,,,,,,,,,,,,1,,,,,,,,,,,,2,,,,,,,,,,,,1,,,,,,,,,,,,,,,,,,,,,,,,,,,,,,,,,,,,2,,,1,,,,,,,,,,,,,,,,,,,,,,,,,,,,,,,,,,,,,,,3,,,,,,,,,,,,,,,,,,,,,,,,,,,,,,1,,,,,,,,,,,,,,,,,,,,,,,,,,,,,,1,,,,,,,,,,,,1,,,,,,,,,,,,,,,,,,,,,,,,,,,,,,1,,,,,,,,,,,,,,,,,,,,,,,,2,,,,,,1,,,,,,,,,,,,,,,,,,,,,,,,,,,,,,1,,,,,,,,,,,,2,,,,,,2,,,,,,1,,,,,,,,,,,,1,,,,,,41,,,48,,,3,,,9,,,1,,,,,,,,,1,,,,,,5,,,,,,,,,,,,3,,,,,,13,,,4,,,4,,,,,,,1,,,1,,4,,,,,,4,,,1,,,9,,,1,,,4,,,,,,4,,,2,,,4,,,,,,1,,,,,,,,,,,,,,,,,,57,,,65,,,9,,,4,,,1,,,,,,,,,3,,,1,,,1,,,,,,8,,,1,,,8,,,,,,8,,,1,,,3,,,1,,,1,,,,,,10,,,5,,,,1,,,1,,2,,,,,,17,,,4,,,48,,,65,,,14,,,2,,,,,,4,,,,,,12,,,2,,,2,,,,,,9,,,1,,,,1,,,,,29,,,29,,,3,,
,25815,23549,3004,1,1665,,,13,,,BL-1665-13-recto,,,13,,,March,,,20,,,March,,,1,,,,,,2,,,,,,1,,,,,,1,,,,,,,,,,,,,,,,,,,,,,,,,,,,,,1,,,,,,3,,,,,,,,,,,,,,,,,,1,,,,,,1,,,,,,2,,,,,,1,,,,,,1,,,,,,,,,,,,,,,,,,1,,,,,,,,,,,,,,,,,,,,,,,,1,,,,,,,,,,,,,,,,,,,,,,,,1,,,,,,,,,,,,1,,,,,,,,,,,,1,,,,,,,,,,,,,,,,,,1,,,,,,,,,,,,2,,,,,,1,,,,,,,,,,,,,,,,,,,,,,,,1,,,,,,,,,,,,,,,,,,,,,,,,,,,,,,,,,,,,,,,,,,,,,,,,1,,,,,,,,,,,,,,,,,,,,,,,,1,,,,,,,,,,,,,,,,,,,,,,,,,,,,,,,,,,,,1,,,1,,,1,,,,,,,,,,,,,,,,,,,,,,,,,,,,,,1,,,,,,1,,,,,,,,,,,,,,,,,,,,,,,,,,,,,,,,,,,,3,,,,,,2,,,,,,,,,,,,,,,,,,,,,,,,,,,,,,,,,,,,1,,,,,,,,,,,,,,,,,,,,,,,,,,,,,,2,,,,,,,,,,,,,,,,,,,,,,,,1,,,,,,,,,,,,1,,,,,,,,,,,,2,,,,,,,,,,,,,,,,,,,,,,,,,,,,,,45,,,43,,,1,,,9,,,1,,,,,,,,,,,,,,,13,,,1,,,1,,,,,,4,,,,,,11,,,6,,,7,,,,,,,,,,,,3,,,,,,2,,,,,,11,,,,,,11,,,3,,,10,,,1,,,13,,,1,,,,,,,,,,,,,,,,,,,,,60,,,95,,,13,,,6,,,,,,4,,,2,,,1,,,,,,3,,,1,,,4,,,4,,,9,,,,,,4,,,1,,,,,,,,,1,,,,,,4,,,,,,,,,,,,2,,,1,,,29,,,5,,,51,,,67,,,14,,,6,,,1,,,2,,,,,,11,,,2,,,4,,,1,,,5,,,1,,,,1,,,,,42,,,28,,,5,,
,25773,23536,2977,1,1665,,,52,,,BL-1665-52-recto,,,12,,,December,,,19,,,December,,,1,,,1,,,2,,,,,,,,,,,,2,,,2,,,,,,,,,2,,,2,,,,,,,,,,,,,,,4,,,1,,,1,,,,,,,,,,,,4,,,2,,,4,,,2,,,3,,,2,,,1,,,1,,,,,,,,,,,,,,,,,,,,,,,,,,,2,,,,,,2,,,,,,1,,,1,,,2,,,1,,,6,,,2,,,,,,,,,2,,,2,,,1,,,,,,6,,,4,,,3,,,2,,,,,,,,,2,,,2,,,3,,,2,,,1,,,1,,,2,,,2,,,2,,,,,,1,,,,,,,,,,,,1,,,1,,,,,,,,,,,,,,,,,,,,,4,,,,,,9,,,5,,,1,,,1,,,2,,,1,,,,,,,,,1,,,,,,,,,,,,,,,,,,2,,,2,,,1,,,,,,1,,,,,,2,,,1,,,2,,,,,,,,,,,,3,,,2,,,1,,,1,,,,,,,,,1,,,,,,,,,,,,3,,,1,,,,,,,,,,,,,,,,,,,,,,,,,,,4,,,2,,,1,,,1,,,,,,,,,2,,,,,,,,,,,,,,,,,,3,,,3,,,1,,,,,,2,,,,,,2,,,2,,,6,,,5,,,,,,,,,1,,,1,,,,,,,,,,,,,,,,,,,,,,,,,,,,,,,,,1,,,1,,,1,,,,,,1,,,1,,,,,,,,,1,,,,,,,,,,,,2,,,1,,,1,,,1,,,,,,,,,,,,,,,,,,,,,1,,,1,,,2,,,,,,,,,,,,39,,,126,,,66,,,13,,,4,,,3,,,,,,1,,,1,,,7,,,2,,,2,,,2,,,9,,,5,,,23,,,11,,,14,,,4,,,,1,,,1,,4,,,3,,,4,,,2,,,19,,,7,,,20,,,12,,,24,,,19,,,11,,,2,,,1,,,,,,,,,,,,1,,,1,,,48,,,156,,,75,,,7,,,2,,,4,,,1,,,6,,,1,,,7,,,4,,,23,,,21,,,6,,,4,,,25,,,13,,,10,,,3,,,4,,,1,,,16,,,7,,,,1,,,1,,8,,,5,,,71,,,44,,,39,,,187,,,106,,,10,,,4,,,4,,,2,,,12,,,6,,,6,,,3,,,24,,,19,,,,1,,,,,21,,,56,,,34,,
,25816,23550,2971,1,1666,,,14,,,BL-1666-14-recto,,,20,,,March,,,27,,,March,,,,,,,,,,,,,,,,,,,,,1,,,,,,,,,,,,2,,,,,,,,,,,,,,,,,,1,,,,,,1,,,,,,,,,,,,,,,,,,,,,,,,,,,,,,1,,,,,,,,,,,,,,,,,,1,,,,,,,,,,,,,,,,,,1,,,,,,,,,,,,,,,,,,2,,,,,,,,,,,,,,,,,,1,,,,,,3,,,1,,,,,,,,,,,,,,,1,,,,,,,,,,,,,,,,,,,,,,,,2,,,,,,,,,,,,1,,,,,,,,,,,,,,,,,,,,,,,,,,,,,,,,,,,,1,,,,,,1,,,,,,1,,,,,,,,,,,,1,,,,,,1,,,,,,1,,,,,,,,,,,,1,,,,,,,,,,,,,,,,,,,,,,,,,,,,,,1,,,,,,,,,,,,,,,,,,1,,,,,,,,,,,,1,,,,,,,,,,,,,,,,,,1,,,,,,,,,,,,1,,,,,,1,,,,,,,,,,,,2,,,,,,,,,,,,,,,,,,1,,,,,,,,,,,,,,,,,,,,,,,,,,,,,,,,,,,,,,,,,,,,,,,,,,,,,,,,,,,,,,,,,,,,,,,,1,,,,,,,,,,,,,,,,,,2,,,,,,,,,,,,,,,,,,,,,,,,,,,,,,2,,,,,,,,,,,,,,,,,,,,,,,,,,,,,,,,,,,,30,,,39,,,1,,,6,,,3,,,1,,,,,,,,,,,,4,,,,,,1,,,,,,3,,,,,,12,,,,,,3,,,,,,,,,,,,2,,,,,,4,,,,,,16,,,,,,10,,,2,,,12,,,3,,,9,,,,,,,,,,,,,,,,,,4,,,2,,,72,,,87,,,10,,,13,,,,,,2,,,,,,2,,,,,,2,,,,,,3,,,2,,,7,,,,,,7,,,,,,1,,,,,,,,,,,,10,,,1,,,,1,,,1,,,,,,,,16,,,1,,,33,,,63,,,4,,,9,,,2,,,1,,,,,,10,,,,,,1,,,,,,14,,,,,,,1,,,,,31,,,35,,,2,,
,25817,23551,3005,1,1666,,,15,,,BL-1666-15-recto,,,27,,,March,,,3,,,April,,,,,,,,,1,,,,,,,,,,,,,,,,,,,,,,,,,,,,,,1,,,,,,,,,,,,1,,,,,,2,,,,,,2,,,,,,,,,,,,1,,,,,,1,,,,,,,,,,,,,,,,,,,,,,,,,,,,,,2,,,1,,,,,,,,,1,,,,,,,,,,,,1,,,,,,4,,,2,,,1,,,,,,,,,,,,,,,,,,3,,,1,,,,,,,,,,,,,,,,,,,,,1,,,,,,,,,,,,,,,,,,1,,,,,,1,,,,,,1,,,,,,,,,,,,,,,,,,,,,,,,,,,,,,2,,,,,,3,,,,,,,,,,,,,,,,,,,,,,,,2,,,,,,,,,,,,2,,,,,,,,,,,,1,,,,,,,,,,,,1,,,,,,,,,,,,2,,,,,,1,,,,,,1,,,,,,,,,,,,,,,,,,,,,,,,2,,,,,,,,,,,,,,,,,,,,,,,,1,,,1,,,,,,,,,1,,,,,,,,,,,,,,,,,,1,,,,,,,,,,,,1,,,,,,2,,,,,,,,,,,,,,,,,,2,,,,,,2,,,,,,,,,,,,3,,,,,,,,,,,,1,,,,,,,,,,,,1,,,,,,1,,,,,,,,,,,,,,,,,,4,,,,,,,,,,,,,,,,,,,,,,,,1,,,,,,,,,,,,,,,,,,,,,,,,,,,,,,,,,,,,,,,,,,39,,,63,,,5,,,5,,,,,,2,,,,,,,,,,,,5,,,,,,,,,,,,,,,,,,10,,,2,,,5,,,,,,,1,,,1,,4,,,,,,4,,,,,,5,,,,,,9,,,2,,,4,,,1,,,9,,,2,,,,,,,,,1,,,,,,1,,,1,,,67,,,64,,,8,,,7,,,,,,4,,,1,,,1,,,,,,4,,,,,,,,,,,,3,,,,,,4,,,,,,2,,,,,,2,,,,,,9,,,1,,,,1,,,1,,3,,,1,,,19,,,9,,,53,,,58,,,12,,,7,,,1,,,1,,,,,,11,,,,,,1,,,,,,6,,,,,,,1,,,,,19,,,26,,,1,,
,25818,23552,3006,1,1666,,,16,,,BL-1666-16-recto,,,3,,,April,,,10,,,April,,,1,,,,,,4,,,2,,,1,,,,,,,,,,,,,,,,,,,,,,,,,,,,,,,,,,,,,,,,,,,,,,,,,,,,,,,,,,,,,,,,,,1,,,,,,1,,,,,,,,,,,,,,,,,,,,,,,,,,,,,,,,,,,,1,,,1,,,1,,,,,,,,,,,,3,,,,,,,,,,,,,,,,,,,,,,,,1,,,1,,,,,,,,,,,,,,,1,,,,,,,,,,,,,,,,,,,,,,,,2,,,1,,,,,,,,,,,,,,,3,,,,,,,,,,,,,,,,,,,,,,,,1,,,,,,4,,,,,,,,,,,,1,,,,,,,,,,,,1,,,,,,,,,,,,,,,,,,,,,,,,,,,,,,,,,,,,,,,,,,1,,,,,,,,,,,,,,,,,,1,,,,,,,,,,,,1,,,,,,,,,,,,,,,,,,,,,,,,1,,,,,,,,,,,,,,,,,,1,,,,,,1,,,,,,,,,,,,,,,,,,,,,,,,1,,,,,,,,,,,,2,,,,,,,,,,,,,,,,,,1,,,,,,,,,,,,,,,,,,,,,,,,,,,,,,,,,,,,,,,,,,,,,,,,,,,,,,,,,,,,1,,,,,,,,,,,,,,,,,,,,,,,,1,,,,,,,,,,,,,,,,,,1,,,,,,,,,,,,1,,,,,,,,,,,,,,,,,,26,,,41,,,5,,,6,,,,,,2,,,1,,,,,,,,,6,,,,,,1,,,,,,2,,,,,,10,,,1,,,2,,,,,,,1,,,1,,2,,,,,,3,,,,,,13,,,1,,,8,,,1,,,6,,,1,,,7,,,,,,,,,,,,,,,,,,1,,,1,,,58,,,69,,,6,,,3,,,,,,2,,,1,,,3,,,,,,4,,,,,,6,,,3,,,1,,,,,,5,,,,,,1,,,,,,1,,,,,,7,,,2,,,,1,,,1,,1,,,,,,21,,,9,,,36,,,55,,,15,,,2,,,,,,1,,,,,,20,,,2,,,2,,,,,,5,,,,,,,1,,,,,21,,,30,,,2,,
,25819,23553,3007,1,1666,,,17,,,BL-1666-17-recto,,,10,,,April,,,17,,,April,,,,,,,,,,,,,,,,,,,,,,,,,,,,,,,,,3,,,,,,,,,,,,,,,,,,3,,,,,,,,,,,,1,,,,,,1,,,,,,1,,,,,,1,,,,,,1,,,,,,,,,,,,,,,,,,,,,,,,,,,,,,,,,,,,1,,,,,,,,,,,,1,,,,,,2,,,,,,,,,,,,,,,,,,,,,,,,2,,,1,,,,,,,,,,,,,,,,,,,,,,,,,,,,,,,,,,,,,,,,,,,,,2,,,,,,1,,,,,,1,,,,,,,,,,,,,,,,,,,,,,,,2,,,1,,,1,,,,,,1,,,,,,2,,,,,,,,,,,,,,,,,,,,,,,,,,,,,,1,,,,,,1,,,,,,,,,,,,1,,,,,,,,,,,,1,,,,,,,,,,,,,,,,,,,,,,,,,,,,,,,,,,,,,,,,,,,,,,,,,,,,,,1,,,,,,,,,,,,,,,,,,,,,,,,1,,,,,,2,,,1,,,1,,,,,,,,,,,,,,,,,,1,,,,,,2,,,2,,,1,,,,,,,,,,,,,,,,,,,,,,,,,,,,,,,,,,,,,,,,,,,,,,,,,,,,,,,,,,,,2,,,,,,,,,,,,,,,,,,,,,,,,,,,,,,,,,,,,,,,,,,,,,,,,2,,,,,,,,,,,,,,,,,,,,,,,,,,,,,,33,,,44,,,5,,,11,,,3,,,,,,,,,,,,,,,7,,,1,,,,,,,,,1,,,,,,11,,,5,,,5,,,,,,,1,,,1,,5,,,1,,,6,,,1,,,7,,,,,,8,,,3,,,11,,,,,,10,,,4,,,1,,,,,,,,,,,,2,,,2,,,61,,,85,,,20,,,6,,,1,,,1,,,,,,6,,,,,,2,,,1,,,5,,,2,,,5,,,,,,2,,,,,,2,,,,,,,,,,,,3,,,,,,,1,,,1,,4,,,3,,,20,,,6,,,40,,,56,,,13,,,4,,,,,,1,,,,,,14,,,,,,1,,,,,,10,,,2,,,,1,,1,,,28,,,30,,,2,,
,25820,23554,3028,1,1666,,,18,,,BL-1666-18-recto,,,17,,,April,,,24,,,April,,,2,,,1,,,,,,,,,,,,,,,,,,,,,,,,,,,,,,,,,,,,,,,,,,,,,3,,,1,,,,,,,,,1,,,,,,,,,,,,,,,,,,,,,,,,1,,,,,,1,,,,,,,,,,,,,,,,,,,,,,,,,,,,,,,,,,,,1,,,,,,,,,,,,1,,,,,,,,,,,,,,,,,,1,,,,,,2,,,,,,,,,,,,,,,,,,,,,,,,,,,,,,1,,,,,,,,,,,,3,,,,,,,,,,,,,,,,,,,,,,,,,,,,,,1,,,,,,,,,,,,,,,,,,2,,,,,,,,,,,,1,,,,,,,,,,,,,,,,,,,,,,,,,,,,,,,,,,,,1,,,,,,,,,,,,,,,,,,,,,,,,,,,,,,1,,,,,,,,,,,,,,,,,,,,,,,,,,,,,,,,,,,,,,,,,,,,,,,,,,,,,,1,,,,,,6,,,,,,,,,,,,,,,,,,,,,,,,,,,,,,1,,,,,,1,,,,,,,,,,,,,,,,,,1,,,,,,,,,,,,1,,,,,,,,,,,,,,,,,,1,,,,,,2,,,,,,,,,,,,,,,,,,,,,,,,,,,,,,,,,,,,,,,,,,,,,,,,2,,,,,,,,,,,,,,,,,,,,,,,,,,,,,,,,,,,,,,,,,,,,,,,,,,,,,,28,,,39,,,2,,,5,,,,,,2,,,,,,,,,,,,5,,,,,,,,,,,,3,,,,,,19,,,2,,,6,,,,,,,1,,,1,,2,,,,,,4,,,1,,,15,,,1,,,14,,,2,,,9,,,1,,,11,,,,,,,,,,,,,,,,,,2,,,2,,,57,,,97,,,9,,,7,,,,,,,,,,,,1,,,,,,2,,,1,,,4,,,,,,4,,,,,,4,,,1,,,1,,,,,,,,,,,,12,,,4,,,,1,,,1,,1,,,,,,20,,,5,,,42,,,56,,,11,,,4,,,,,,,,,,,,13,,,1,,,,,,,,,6,,,1,,,,1,,,,,25,,,23,,,2,,
,25821,23555,3029,1,1666,,,19,,,BL-1666-19-recto,,,24,,,April,,,1,,,May,,,,,,,,,1,,,,,,,,,,,,,,,,,,1,,,,,,,,,,,,,,,,,,1,,,,,,2,,,,,,1,,,,,,3,,,,,,,,,,,,,,,,,,2,,,,,,,,,,,,,,,,,,,,,,,,,,,,,,,,,,,,1,,,,,,2,,,1,,,,,,,,,,,,,,,4,,,,,,1,,,,,,,,,,,,,,,,,,1,,,1,,,1,,,,,,,,,,,,,,,,,,,,,,,,,,,,,,,,,,,,1,,,,,,,,,,,,,,,,,,,,,,,,,,,,,,,,,,,,1,,,,,,1,,,,,,2,,,,,,,,,,,,,,,,,,1,,,,,,,,,,,,,,,,,,,,,,,,1,,,,,,,,,,,,,,,,,,1,,,,,,,,,,,,,,,,,,3,,,,,,,,,,,,,,,,,,,,,,,,,,,,,,,,,,,,,,,,,,,,,,,,1,,,,,,,,,,,,1,,,,,,,,,,,,,,,,,,,,,,,,2,,,,,,1,,,,,,1,,,,,,1,,,,,,2,,,,,,1,,,,,,2,,,1,,,,,,,,,,,,,,,1,,,,,,1,,,,,,,,,,,,,,,,,,1,,,,,,,,,,,,,,,,,,,,,,,,,,,,,,,,,,,,,,,,,,,,,,,,,,,,,,1,,,,,,3,,,2,,,,,,,,,1,,,,,,,,,,,,,,,,,,31,,,52,,,5,,,5,,,1,,,1,,,,,,,,,,,,2,,,,,,1,,,,,,,,,,,,8,,,1,,,1,,,,,,,1,,,1,,2,,,,,,1,,,,,,14,,,2,,,4,,,1,,,5,,,3,,,10,,,,,,,,,,,,1,,,,,,1,,,1,,,49,,,56,,,9,,,6,,,3,,,2,,,1,,,6,,,,,,2,,,1,,,8,,,7,,,5,,,1,,,5,,,2,,,4,,,,,,3,,,,,,5,,,,,,,1,,,1,,2,,,1,,,23,,,2,,,37,,,71,,,18,,,7,,,,,,1,,,,,,15,,,6,,,5,,,,,,6,,,2,,,,1,,1,,,23,,,34,,,8,,
,25853,23556,3498,1,1666,,,20,,,BL-1666-20-recto,,,1,,,May,,,8,,,May,,,,,,,,,,,,,,,,,,,,,1,,,,,,,,,,,,,,,,,,,,,,,,,,,,,,2,,,1,,,,,,,,,2,,,,,,1,,,,,,,,,,,,1,,,,,,1,,,,,,,,,,,,,,,,,,,,,,,,,,,,,,,,,,,,,,,,,,,,,,,,2,,,,,,1,,,,,,1,,,,,,,,,,,,1,,,,,,1,,,,,,,,,,,,,,,,,,1,,,,,,,,,,,,,,,,,,,,,,,,2,,,,,,,,,,,,,,,,,,1,,,1,,,,,,,,,,,,,,,,,,,,,1,,,,,,2,,,,,,,,,,,,1,,,1,,,1,,,,,,,1,,,1,,,,,,,,,,,,,,,,,,,,2,,,2,,,,,,,,,1,,,,,,1,,,,,,,,,,,,,,,,,,,,,,,,,,,,,,,,,,,,1,,,,,,1,,,,,,,,,,,,2,,,,,,1,,,,,,,,,,,,,,,,,,1,,,,,,,,,,,,,,,,,,,,,,,,,,,,,,1,,,,,,1,,,,,,1,,,,,,,,,,,,1,,,1,,,,,,,,,1,,,,,,2,,,,,,,,,,,,,,,,,,,,,,,,,,,,,,,,,,,,,,,,,,,,,,,,,,,,,,,,,,,,,,,,,,,,,,,,,,,,,,,,,,,,,,,,,,,,,,,,,,,,,,,,,,,,,,,,,,35,,,40,,,6,,,6,,,,,,1,,,,,,1,,,,,,5,,,,,,,,,,,,2,,,,,,1,,,,,,,,,,,,,1,,,1,,5,,,1,,,2,,,,,,12,,,,,,11,,,,,,9,,,2,,,7,,,,,,1,,,,,,,,,,,,2,,,2,,,48,,,65,,,5,,,7,,,3,,,1,,,,,,3,,,,,,5,,,,,,19,,,14,,,2,,,,,,12,,,5,,,1,,,1,,,1,,,,,,8,,,3,,,,1,,,1,,6,,,5,,,29,,,5,,,43,,,94,,,36,,,3,,,,,,2,,,,,,22,,,2,,,2,,,1,,,6,,,3,,,,1,,1,,,14,,,35,,,6,,
,25854,23557,3499,1,1666,,,21,,,BL-1666-21-recto,,,8,,,May,,,15,,,May,,,1,,,,,,3,,,,,,,,,,,,2,,,1,,,1,,,,,,,,,,,,,,,,,,,,,,,,2,,,,,,,,,,,,,,,,,,,,,,,,1,,,,,,1,,,,,,1,,,1,,,,,,,,,1,,,1,,,1,,,,,,,,,,,,,,,,,,2,,,,,,,,,,,,,,,,,,2,,,,,,,,,,,,,,,,,,1,,,,,,2,,,,,,,,,,,,,,,,,,,,,,,,1,,,,,,,,,,,,,,,,,,,,,,,,1,,,,,,2,,,1,,,1,,,1,,,,,,,,,,,,,,,,,,,,,2,,,,,,2,,,1,,,1,,,,,,,,,,,,,,,,,,2,,,,,,,,,,,,,,,,,,,,,,,,,,,,,,,,,,,,1,,,,,,,,,,,,,,,,,,,,,,,,,,,,,,,,,,,,,,,,,,,,,,,,2,,,,,,,,,,,,1,,,,,,,,,,,,,,,,,,,,,,,,1,,,,,,,,,,,,,,,,,,,,,,,,,,,,,,,,,,,,,,,,,,,,,,,,2,,,1,,,1,,,,,,,,,,,,,,,,,,1,,,,,,,,,,,,,,,,,,,,,,,,,,,,,,,,,,,,,,,,,,,,,,,,1,,,,,,,,,,,,,,,,,,,,,,,,,,,,,,2,,,,,,,,,,,,,,,,,,,,,,,,,,,,,,,,,,,,28,,,45,,,7,,,7,,,,,,2,,,,,,,,,,,,,,,,,,,,,,,,1,,,1,,,12,,,2,,,6,,,,,,,1,,,1,,4,,,,,,7,,,2,,,6,,,1,,,7,,,,,,10,,,2,,,3,,,1,,,1,,,,,,,,,,,,4,,,4,,,49,,,70,,,13,,,7,,,1,,,3,,,,,,3,,,,,,4,,,,,,16,,,12,,,3,,,1,,,11,,,5,,,2,,,2,,,,,,,,,4,,,,,,,1,,,1,,,,,,,,21,,,5,,,34,,,74,,,26,,,8,,,2,,,3,,,1,,,19,,,3,,,2,,,1,,,15,,,5,,,,1,,1,,,18,,,47,,,12,,
,25855,23558,3500,1,1666,,,22,,,BL-1666-22-recto,,,15,,,May,,,22,,,May,,,1,,,,,,,,,,,,1,,,,,,,,,,,,,,,,,,1,,,,,,,,,,,,1,,,,,,,,,,,,1,,,,,,,,,,,,,,,,,,,,,,,,,,,,,,2,,,1,,,,,,,,,,,,,,,,,,,,,,,,,,,,,,,,,,,,,,,,,,,,,1,,,,,,6,,,,,,,,,,,,,,,,,,,,,,,,2,,,,,,,,,,,,,,,,,,1,,,,,,,,,,,,,,,,,,,,,,,,,,,,,,,,,,,,1,,,,,,,,,,,,1,,,,,,1,,,,,,1,,,,,,,,,,,,1,,,,,,,,,,,,1,,,,,,,,,,,,,1,,,1,,,,,,,,,,,,,,,,,,,,1,,,,,,,,,,,,,,,,,,2,,,1,,,,,,,,,,,,,,,,,,,,,,,,,,,2,,,,,,,,,,,,,,,,,,,,,,,,2,,,,,,,,,,,,,,,,,,,,,,,,,,,,,,,,,,,,1,,,,,,,,,,,,1,,,,,,1,,,,,,,,,,,,,,,,,,,,,,,,1,,,1,,,,,,,,,,,,,,,,,,,,,,,,,,,1,,,,,,,,,,,,1,,,,,,,,,,,,,,,,,,,,,,,,,,,,,,,,,,,,,,,,,,,,,,,,1,,,,,,,,,,,,3,,,1,,,,,,,,,,,,,,,,,,,,,,,,,,,34,,,40,,,4,,,4,,,,,,,,,,,,,,,,,,6,,,1,,,,,,,,,5,,,,,,6,,,,,,3,,,,,,,1,,,1,,1,,,,,,7,,,,,,13,,,,,,8,,,,,,6,,,2,,,10,,,,,,,,,,,,2,,,1,,,4,,,4,,,41,,,75,,,8,,,7,,,,,,4,,,,,,5,,,,,,6,,,1,,,10,,,7,,,3,,,,,,7,,,1,,,2,,,,,,1,,,,,,6,,,2,,,,1,,,1,,4,,,3,,,15,,,2,,,24,,,70,,,16,,,5,,,,,,,,,,,,5,,,,,,,,,,,,8,,,3,,,,1,,1,,,13,,,18,,,3,,
,25856,23559,3501,1,1666,,,23,,,BL-1666-23-recto,,,22,,,May,,,29,,,May,,,1,,,,,,2,,,,,,,,,,,,1,,,,,,,,,,,,,,,,,,1,,,,,,1,,,,,,3,,,,,,,,,,,,,,,,,,1,,,,,,,,,,,,,,,,,,5,,,3,,,,,,,,,1,,,,,,,,,,,,,,,,,,,,,,,,,,,,,,,,,,,,,,,,,,4,,,,,,,,,,,,2,,,,,,,,,,,,,,,,,,,,,,,,,,,,,,1,,,,,,,,,,,,,,,,,,,,,,,,,,,,,,,,,,,,,,,,,,1,,,1,,,1,,,,,,,,,,,,,,,,,,,,,,,,1,,,,,,1,,,,,,1,,,,,,,,,,,,1,1,,,1,,,,,,,,,,,,,,1,,,,,,1,,,,,,,,,,,,,,,,,,,,,,,,,,,,,,,,,,,,,,,,,,1,,,,,,,,,,,,,,,,,,,,,,,,,,,,,,,,,,,,,,,,,,,,,,,,,,,,,,,,,,,,1,,,,,,1,,,,,,,,,,,,,,,,,,1,,,,,,,,,,,,,,,,,,,,,,,,,,,,,,,,,,,,,,,,,,,,,,,,,,,,,,,,,,,,,,,,,,,,,,,,,,,,,,,,,,,,,,,,,,,,,,,,,,,,,,,,,,,,2,,,,,,,,,,,,1,,,,,,,,,,,,,,,,,,,,,,,,,,,,,,,,,,,,32,,,38,,,4,,,5,,,,,,,,,,,,,,,,,,5,,,,,,,,,,,,1,,,,,,11,,,2,,,3,,,,,,,1,,,1,,3,,,,,,1,,,,,,13,,,,,,12,,,,,,6,,,2,,,8,,,,,,,,,,,,,,,,,,,,,,,,39,,,68,,,4,,,3,,,,,,3,,,,,,2,,,,,,,,,,,,10,,,1,,,4,,,,,,5,,,4,,,3,,,,,,4,,,,,,9,,,1,,,,1,,,1,,7,,,2,,,24,,,3,,,27,,,74,,,11,,,5,,,,,,1,,,,,,11,,,1,,,,,,,,,4,,,,,,,1,,,,,21,,,21,,,1,,
,25857,23560,3502,1,1666,,,24,,,BL-1666-24-recto,,,29,,,May,,,5,,,June,,,,,,,,,2,,,,,,,,,,,,,,,,,,,,,,,,,,,,,,,,,,,,,,,,,,2,,,,,,,,,,,,2,,,,,,2,,,,,,1,,,,,,1,,,,,,2,,,,,,1,,,,,,,,,,,,,,,,,,1,,,,,,,,,,,,1,,,,,,,,,,,,,,,,,,2,,,,,,2,,,,,,,,,,,,,,,,,,1,,,,,,,,,,,,,,,,,,,,,,,,,,,,,,,,,,,,,,,,,,1,,,,,,,,,,,,1,,,,,,,,,,,,1,,,,,,,,,,,,,,,,,,1,,,,,,2,,,,,,,,,,,,1,,,,,,,,,,,,,1,,,1,,,,,,,,,,,,,,,,,,,,,,,,,,,,,,,,1,,,,,,1,,,,,,,,,,,,,,,,,,,,,,,,,,,,,,1,,,,,,,,,,,,1,,,,,,,,,,,,,,,,,,,,,,,,,,,,,,,,,,,,1,,,,,,,,,,,,1,,,,,,,,,,,,,,,,,,1,,,,,,,,,,,,,,,,,,,,,,,,1,,,,,,,,,,,,,,,,,,,,,,,,,,,,,,,,,,,,,,,,,,,,,,,,,,,,,,,,,,,,,,,,,,,,,,,,,,,,,,,,,,,,1,,,,,,,,,,,,1,,,1,,,1,,,,,,,,,,,,1,,,,,,,,,,,,,,,,,,36,,,39,,,1,,,10,,,,,,1,,,,,,,,,,,,2,,,1,,,,,,,,,3,,,,,,9,,,2,,,4,,,,,,,1,,,1,,3,,,1,,,6,,,2,,,8,,,,,,6,,,,,,5,,,1,,,10,,,,,,,,,,,,1,,,,,,2,,,1,,,38,,,70,,,8,,,6,,,2,,,5,,,2,,,1,,,,,,,,,,,,10,,,7,,,1,,,,,,7,,,2,,,2,,,,,,,,,,,,6,,,1,,,,1,,,1,,2,,,,,,17,,,2,,,30,,,57,,,16,,,8,,,,,,,,,,,,8,,,1,,,1,,,,,,8,,,1,,,,1,,,,,19,,,25,,,2,,
,25859,23562,3506,1,1666,,,26,,,BL-1666-26-recto,,,12,,,June,,,19,,,June,,,,,,,,,1,,,,,,,,,,,,1,,,,,,,,,,,,,,,,,,,,,,,,2,,,,,,,,,,,,,,,,,,,,,,,,,,,,,,,,,,,,,,,,,,1,,,1,,,1,,,,,,,,,,,,1,,,,,,,,,,,,,,,,,,,,,,,,,,,,,,,,,,,,1,,,,,,,,,,,,,,,,,,,,,,,,,,,,,,1,,,,,,,,,,,,,,,,,,1,,,,,,1,,,,,,,,,,,,,,,,,,,,,,,,,,,,,,,,,,,,,,,,,,,,,,,,2,,,,,,,,,,,,,,,,,,,,,,,,,,,,,,,,,,,,,1,,,1,,,,,,,,1,,,,,,,,,,,,,,,,,,,,,,,,,,,,,,1,,,,,,1,,,,,,1,,,1,,,,,,,,,,,,,,,,,,,,,,,,,,,1,,,,,,,,,,,,,,,,,,,,,,,,,,,,,,3,,,,,,,,,,,,,,,,,,,,,,,,,,,,,,,,,,,,1,,,,,,1,,,,,,,,,,,,,,,,,,,,,,,,,,,,,,,,,,,,,,,,,,,,,,,,,,,,,,,,,,,,,,,,,,,,,,,,1,,,,,,1,,,1,,,,,,,,,,,,,,,,,,,,,,,,,,,,,,,,,,,,,,,1,,,,,,,,,,,,,,,,,,1,,,,,,1,,,,,,33,,,28,,,3,,,3,,,,,,,,,,,,,,,,,,4,,,,,,,,,,,,,,,,,,11,,,,,,3,,,,,,,1,,,1,,3,,,,,,,,,,,,8,,,,,,15,,,,,,13,,,1,,,4,,,,,,,,,,,,1,,,,,,,,,,,,46,,,65,,,1,,,5,,,,,,,,,,,,4,,,,,,3,,,,,,10,,,9,,,6,,,1,,,8,,,4,,,3,,,,,,,,,,,,6,,,1,,,,1,,,1,,2,,,,,,15,,,,,,29,,,62,,,15,,,5,,,3,,,2,,,,,,6,,,,,,2,,,,,,9,,,1,,,,1,,,,,21,,,24,,,4,,
,25860,23563,3507,1,1666,,,27,,,BL-1666-27-recto,,,19,,,June,,,26,,,June,,,,,,,,,,,,,,,1,,,,,,1,,,,,,,,,,,,,,,,,,,,,,,,,,,,,,2,,,,,,1,,,,,,,,,,,,1,,,,,,1,,,,,,,,,,,,1,,,,,,3,,,1,,,,,,,,,,,,,,,,,,,,,,,,,,,,,,,,,,,,,,,,,,,,,,,,,,,1,,,,,,,,,,,,,,,,,,2,,,1,,,,,,,,,1,,,,,,1,,,,,,,,,,,,,,,,,,,,,,,,1,,,,,,,,,,,,,,,,,,,,,,,,,,,,,,,,,,,,,,,,,,,,,,,,,,,,,,,,,,,,1,,,,,,,,,,,,2,,,,,,,,,,,,,,,,,,,,,,,,,,,,,,,,,,,,,,,,,,,,,,,,,,,,,,,,,,,,2,,,,,,,,,,,,,,,,,,,,,,,,,,,,,,,,,,,,,,,,,,,,,,,,,,,,,,1,,,,,,1,,,,,,,,,,,,,,,,,,,,,,,,,,,,,,1,,,,,,,,,,,,,,,,,,,,,,,,1,,,,,,,,,,,,1,,,,,,,,,,,,,,,,,,,,,,,,,,,,,,,,,,,,,,,,,,1,,,,,,,,,,,,1,,,,,,,,,,,,,,,,,,,,,,,,,,,,,,,,,,,,,,,,,,,,,,,,,,,,,,,,,,,,,,,,,,30,,,29,,,2,,,5,,,,,,,,,,,,,,,,,,11,,,,,,,,,,,,3,,,,,,15,,,7,,,5,,,,,,,1,,,1,,,,,,,,2,,,,,,5,,,,,,9,,,,,,12,,,1,,,8,,,,,,1,,,,,,2,,,1,,,2,,,2,,,51,,,80,,,11,,,8,,,1,,,2,,,,,,7,,,,,,5,,,,,,9,,,6,,,9,,,,,,10,,,6,,,2,,,,,,2,,,,,,7,,,2,,,,1,,,1,,1,,,1,,,20,,,1,,,37,,,82,,,17,,,4,,,,,,,,,,,,16,,,,,,2,,,,,,10,,,3,,,,1,,1,,,23,,,32,,,3,,
,25861,23564,3508,1,1666,,,28,,,BL-1666-28-recto,,,26,,,June,,,3,,,July,,,,,,,,,1,,,,,,,,,,,,,,,,,,,,,,,,,,,,,,,,,,,,1,,,,,,1,,,,,,,,,,,,,,,,,,3,,,,,,,,,,,,,,,,,,3,,,,,,,,,,,,,,,,,,,,,,,,,,,,,,1,,,,,,1,,,,,,,,,,,,,,,,,,,,,,,,,,,,,,,,,,,,,,,,,,4,,,,,,,,,,,,,,,,,,,,,,,,,,,,,,,,,,,,,,,,,,1,,,,,,1,,,,,,,,,,,,,,,,,,,,,,,,,,,,,,,,,,,,2,,,,,,1,,,,,,,,,,,,1,,,,,,1,,,,,,,1,,,1,,,,,,,,,,,,,,,,,,,,1,,,,,,1,,,,,,,,,,,,,,,,,,,,,,,,,,,,,,,,,,,,,,,,,,1,,,,,,,,,,,,2,,,,,,,,,,,,,,,,,,,,,,,,1,,,,,,,,,,,,,,,,,,,,,,,,,,,,,,,,,,,,,,,,,,,,,,,,,,,,,,,,,,,,,,,,,,1,,,,,,1,,,,,,1,,,,,,,,,,,,,,,,,,,,,,,,1,,,,,,,,,,,,,,,,,,,,,,,,,,,,,,1,,,1,,,2,,,,,,,,,,,,1,,,1,,,,,,,,,2,,,1,,,,,,,,,,,,,,,,,,,,,1,,,,,,2,,,,,,27,,,41,,,3,,,8,,,1,,,1,,,,,,2,,,,,,3,,,,,,,,,,,,1,,,,,,7,,,3,,,8,,,,,,,1,,,1,,,,,,,,6,,,,,,6,,,,,,9,,,,,,8,,,3,,,7,,,,,,2,,,,,,,,,,,,,,,,,,50,,,68,,,7,,,10,,,2,,,1,,,,,,2,,,,,,7,,,,,,16,,,11,,,3,,,,,,11,,,4,,,1,,,,,,1,,,,,,8,,,1,,,,1,,,1,,2,,,1,,,27,,,3,,,39,,,89,,,22,,,5,,,2,,,,,,,,,9,,,,,,,,,,,,10,,,1,,,,1,,,,,20,,,24,,,3,,
,25862,23565,3509,1,1666,,,29,,,BL-1666-29-recto,,,3,,,July,,,10,,,July,,,1,,,,,,1,,,,,,,,,,,,,,,,,,,,,,,,,,,,,,,,,,,,,,,,,,,,,,,,,,,,,,,,,,,,1,,,,,,1,,,,,,1,,,,,,1,,,,,,1,,,1,,,1,,,,,,,,,,,,,,,,,,,,,,,,1,,,,,,,,,,,,,,,,,,3,,,1,,,,,,,,,,,,,,,1,,,,,,5,,,,,,,,,,,,,,,,,,,,,,,,,,,,,,,,,,,,,,,,,,,,,,,,1,,,,,,,,,,,,,,,,,,2,,,,,,,,,,,,1,,,,,,,,,,,,3,,,,,,,,,,,,1,,,,,,,,,,,,2,,,,,,,,,,,,,,,,,,2,,,,,,,,,,,,1,,,,,,,,,,,,,,,,,,,,,,,,,,,,,,,,,,,,,,,,,,,,,,,,,,,,,,1,,,,,,,,,,,,,,,,,,1,,,,,,,,,,,,,,,,,,,,,,,,,,,,,,3,,,1,,,,,,,,,,,,,,,1,,,,,,,,,,,,1,,,,,,1,,,,,,1,,,,,,1,,,,,,,,,,,,1,,,,,,,,,,,,1,,,,,,,,,,,,,,,,,,,,,,,,,,,,,,1,,,,,,1,,,,,,,,,,,,1,,,,,,2,,,,,,,,,,,,,,,,,,1,,,1,,,2,,,,,,,,,,,,,,,,,,,,,,,,29,,,51,,,4,,,8,,,,,,,,,,,,,,,,,,5,,,,,,1,,,,,,1,,,,,,13,,,4,,,2,,,,,,,1,,,1,,1,,,,,,2,,,,,,15,,,1,,,8,,,1,,,6,,,2,,,6,,,,,,1,,,,,,1,,,,,,2,,,2,,,48,,,72,,,10,,,8,,,1,,,2,,,1,,,5,,,,,,1,,,,,,9,,,4,,,4,,,,,,10,,,2,,,2,,,,,,,,,,,,12,,,4,,,,1,,,1,,2,,,,,,35,,,1,,,42,,,90,,,13,,,9,,,5,,,1,,,,,,15,,,,,,,,,,,,9,,,1,,,,1,,,,,21,,,34,,,6,,
,25893,23566,3510,1,1666,,,30,,,BL-1666-30-recto,,,10,,,July,,,17,,,July,,,1,,,,,,4,,,,,,,,,,,,1,,,,,,,,,,,,,,,,,,2,,,,,,,,,,,,,,,,,,,,,,,,,,,,,,,,,,,,3,,,,,,2,,,,,,2,,,1,,,,,,,,,,,,,,,,,,,,,,,,,,,,,,,,,,,,,,,,,,,,,1,,,,,,1,,,,,,,,,,,,,,,,,,,,,,,,,,,,,,,,,,,,,,,,,,1,,,,,,,,,,,,,,,,,,,,,,,,1,,,,,,,,,,,,1,,,1,,,,,,,,,1,,,,,,,,,,,,2,,,,,,,,,,,,3,,,,,,,,,,,,,,,,,,,,,,,,,1,,,1,,1,,,,,,,,,,,,,,,,,,,,,,,,2,,,,,,1,,,,,,,,,,,,1,,,,,,2,,,,,,1,,,,,,,,,,,,,,,,,,,,,,,,2,,,,,,,,,,,,,,,,,,,,,,,,,,,,,,,,,,,,,,,,,,,,,,,,1,,,,,,,,,,,,,,,,,,,,,,,,,,,,,,1,,,,,,,,,,,,2,,,,,,,,,,,,,,,,,,,,,,,,,,,,,,1,,,,,,,,,,,,,,,,,,,,,,,,,,,,,,,,,,,,,,,,,,,,,,,,,,,,,,,,,,,,1,,,,,,1,,,,,,2,,,,,,,,,,,,,,,,,,,,,,,,1,,,,,,28,,,46,,,2,,,6,,,,,,3,,,3,,,,,,,,,2,,,,,,,,,,,,3,,,,,,12,,,2,,,5,,,,,,,1,,,1,,1,,,,,,6,,,,,,14,,,,,,13,,,,,,12,,,2,,,6,,,,,,,,,,,,,,,,,,1,,,1,,,46,,,84,,,8,,,15,,,2,,,1,,,1,,,5,,,,,,8,,,1,,,21,,,16,,,7,,,2,,,13,,,7,,,2,,,,,,2,,,,,,12,,,3,,,,1,,,1,,10,,,4,,,36,,,2,,,44,,,132,,,38,,,6,,,,,,3,,,,,,13,,,,,,2,,,,,,8,,,3,,,,1,,,,,23,,,32,,,3,,
,25894,23567,3511,1,1666,,,31,,,BL-1666-31-recto,,,17,,,July,,,24,,,July,,,2,,,,,,2,,,,,,,,,,,,2,,,,,,,,,,,,,,,,,,,,,,,,3,,,2,,,1,,,,,,,,,,,,2,,,1,,,,,,,,,2,,,,,,2,,,,,,3,,,,,,1,,,1,,,,,,,,,1,,,,,,,,,,,,,,,,,,,,,,,,,,,,,,1,,,,,,3,,,1,,,,,,,,,,,,,,,,,,,,,4,,,1,,,,,,,,,,,,,,,1,,,,,,,,,,,,,,,,,,,,,,,,,,,,,,1,,,,,,3,,,1,,,2,,,,,,,,,,,,,,,,,,,,,,,,,,,,,,2,,,,,,,,,,,,,,,,,,,,,,,,,1,,,1,,,,,,,,,,,,,,,,,,,,,,,,,,2,,,,,,1,,,,,,1,,,,,,,,,,,,,,,,,,,,,,,,,,,,,,,,,,,,,,,,,,1,,,,,,,,,,,,,,,,,,,,,,,,,,,,,,1,,,,,,,,,,,,,,,,,,3,,,1,,,,,,,,,,,,,,,1,,,,,,,,,,,,,,,,,,1,,,,,,,,,,,,1,,,,,,1,,,,,,1,,,,,,,,,,,,2,,,,,,,,,,,,,,,,,,,,,,,,,,,,,,,,,,,,,,,,,,1,,,,,,1,,,,,,,,,,,,,,,,,,,,,,,,,,,,,,,,,,,,1,,,,,,,,,,,,1,,,,,,32,,,58,,,8,,,10,,,,,,2,,,,,,1,,,,,,5,,,,,,,,,,,,4,,,,,,17,,,,,,6,,,1,,,,1,,,1,,2,,,,,,2,,,1,,,28,,,2,,,13,,,2,,,13,,,3,,,8,,,,,,4,,,,,,1,,,,,,1,,,1,,,48,,,117,,,10,,,12,,,1,,,2,,,,,,2,,,,,,4,,,,,,7,,,6,,,7,,,2,,,19,,,7,,,5,,,,,,,,,,,,11,,,2,,,,1,,,1,,2,,,,,,40,,,4,,,41,,,111,,,22,,,14,,,6,,,,,,,,,14,,,,,,,,,,,,12,,,2,,,,1,,1,,,21,,,40,,,8,,
,25895,23568,3512,1,1666,,,32,,,BL-1666-32-recto,,,24,,,July,,,31,,,July,,,,,,,,,4,,,,,,1,,,,,,1,,,,,,1,,,,,,1,,,,,,1,,,,,,3,,,2,,,2,,,,,,,,,,,,1,,,,,,2,,,,,,3,,,,,,3,,,,,,1,,,,,,1,,,,,,1,,,,,,2,,,,,,,,,,,,,,,,,,,,,,,,,,,,,,,,,,,,9,,,,,,1,,,,,,,,,,,,,,,,,,,,,,,,1,,,,,,1,,,,,,1,,,,,,,,,,,,1,,,,,,,,,,,,1,,,,,,,,,,,,1,,,,,,,,,,,,,,,,,,,,,,,,,,,,,,,,,,,,1,,,1,,,1,,,,,,,,,,,,1,,,,,,2,,,,,,,,,,,,2,,,,,,,,,,,,,,,,,,1,,,,,,1,,,,,,2,,,,,,,,,,,,1,,,,,,,,,,,,,,,,,,4,,,1,,,1,,,,,,1,,,,,,1,,,,,,,,,,,,2,,,,,,2,,,,,,1,,,,,,1,,,,,,,,,,,,,,,,,,,,,,,,1,,,,,,,,,,,,1,,,,,,1,,,,,,1,,,,,,,,,,,,1,,,,,,,,,,,,,,,,,,,,,,,,1,,,,,,,,,,,,1,,,,,,,,,,,,,,,,,,,,,,,,,,,,,,,,,,,,,,,,,,2,,,,,,,,,,,,,,,,,,1,,,1,,,1,,,,,,1,,,,,,1,,,,,,1,,,,,,38,,,83,,,5,,,19,,,,,,3,,,2,,,,,,,,,6,,,,,,,,,,,,5,,,,,,7,,,,,,9,,,1,,,,1,,,1,,8,,,,,,2,,,,,,15,,,,,,12,,,2,,,11,,,,,,10,,,1,,,2,,,,,,2,,,1,,,1,,,1,,,53,,,112,,,8,,,13,,,,,,,,,,,,2,,,,,,9,,,3,,,9,,,5,,,3,,,,,,13,,,3,,,7,,,,,,2,,,,,,9,,,1,,,,1,,,1,,7,,,4,,,30,,,3,,,40,,,104,,,19,,,10,,,1,,,4,,,1,,,18,,,2,,,2,,,,,,8,,,2,,,,1,,1,,,25,,,42,,,6,,
,25896,23569,3513,1,1666,,,33,,,BL-1666-33-recto,,,31,,,July,,,7,,,August,,,1,,,,,,3,,,,,,,,,,,,,,,,,,,,,,,,,,,,,,1,,,,,,3,,,3,,,1,,,1,,,,,,,,,,,,,,,,,,,,,2,,,,,,3,,,,,,2,,,,,,,,,,,,,,,,,,1,,,,,,,,,,,,,,,,,,1,,,,,,,,,,,,1,,,,,,1,,,,,,,,,,,,,,,,,,2,,,1,,,1,,,,,,,,,,,,1,,,,,,2,,,,,,,,,,,,,,,,,,,,,,,,2,,,,,,,,,,,,1,,,,,,,,,,,,,,,,,,,,,,,,,,,,,,,,,,,,3,,,,,,1,,,,,,,,,,,,,,,,,,4,,,,,,2,,,,,,1,,,,,,,,,,,,,,,,,,1,,,,,,,,,,,,3,,,,,,,,,,,,2,,,,,,,,,,,,1,,,,,,,,,,,,,,,,,,1,,,,,,,,,,,,,,,,,,,,,,,,,,,,,,,,,,,,,,,,,,1,,,,,,1,,,,,,,,,,,,,,,,,,,,,,,,,,,,,,2,,,,,,,,,,,,1,,,,,,,,,,,,2,,,,,,,,,,,,1,,,,,,,,,,,,,,,,,,,,,,,,,,,,,,3,,,,,,,,,,,,,,,,,,1,,,,,,1,,,,,,1,,,,,,,,,,,,3,,,1,,,2,,,,,,1,,,,,,1,,,,,,1,,,,,,,,,,,,35,,,70,,,6,,,12,,,,,,2,,,,,,1,,,,,,4,,,,,,,,,,,,4,,,,,,9,,,1,,,8,,,1,,,,1,,,1,,4,,,,,,6,,,,,,13,,,,,,12,,,3,,,11,,,2,,,12,,,,,,1,,,,,,,,,,,,2,,,2,,,56,,,101,,,9,,,17,,,,,,,,,,,,5,,,,,,10,,,2,,,3,,,1,,,7,,,1,,,18,,,13,,,5,,,,,,3,,,,,,16,,,1,,,,1,,,1,,4,,,,,,41,,,6,,,43,,,129,,,24,,,6,,,2,,,3,,,1,,,18,,,,,,2,,,,,,7,,,,,,,1,,,,,25,,,36,,,3,,
,25897,23570,3514,1,1666,,,34,,,BL-1666-34-recto,,,7,,,August,,,14,,,August,,,,,,,,,4,,,,,,1,,,,,,5,,,1,,,,,,,,,1,,,,,,,,,,,,,,,,,,2,,,,,,1,,,,,,,,,,,,,,,,,,1,,,,,,1,,,,,,3,,,1,,,,,,,,,1,,,,,,,,,,,,1,,,,,,1,,,,,,2,,,,,,,,,,,,,,,,,,2,,,,,,1,,,,,,2,,,,,,2,,,2,,,2,,,,,,,,,,,,,,,,,,,,,,,,,,,,,,1,,,1,,,,,,,,,,,,,,,,,,,,,2,,,,,,,,,,,,,,,,,,,,,,,,,,,,,,,,,,,,1,,,,,,2,,,,,,,,,,,,,,,,,,,,,,,,1,,,,,,,,,,,,,,,,,,,,,,,,1,,,,,,,,,,,,,,,,,,1,,,,,,,,,,,,,,,,,,,,,,,,,,,,,,,,,,,,2,,,,,,,,,,,,,,,,,,,,,,,,,,,,,,,,,,,,1,,,,,,1,,,,,,3,,,,,,,,,,,,,,,,,,,,,,,,3,,,,,,1,,,,,,1,,,,,,,,,,,,,,,,,,1,,,,,,2,,,,,,,,,,,,1,,,,,,,,,,,,,,,,,,,,,,,,3,,,,,,,,,,,,,,,,,,,,,,,,1,,,,,,1,,,,,,,,,,,,,,,,,,3,,,1,,,,,,,,,,,,,,,,,,,,,,,,,,,29,,,66,,,6,,,10,,,1,,,2,,,,,,1,,,,,,5,,,,,,,,,,,,1,,,,,,14,,,3,,,12,,,,,,,1,,,1,,7,,,,,,1,,,,,,14,,,1,,,12,,,3,,,18,,,1,,,18,,,,,,,,,,,,,,,,,,,,,,,,53,,,115,,,9,,,15,,,1,,,3,,,,,,2,,,,,,6,,,1,,,11,,,5,,,9,,,1,,,11,,,5,,,4,,,,,,3,,,,,,14,,,,,,,1,,,1,,4,,,3,,,19,,,3,,,42,,,101,,,19,,,11,,,5,,,5,,,3,,,17,,,1,,,1,,,,,,16,,,5,,,,1,,,,,21,,,50,,,14,,
,25898,23571,3515,1,1666,,,35,,,BL-1666-35-recto,,,14,,,August,,,21,,,August,,,,,,,,,,,,,,,,,,,,,3,,,,,,,,,,,,,,,,,,,,,,,,,,,,,,3,,,,,,1,,,,,,4,,,,,,,,,,,,1,,,,,,2,,,2,,,,,,,,,,,,,,,,,,,,,1,,,,,,,,,,,,,,,,,,,,,,,,,,,,,,,,,,,,3,,,,,,2,,,,,,,,,,,,1,,,,,,3,,,,,,,,,,,,,,,,,,1,,,,,,,,,,,,,,,,,,1,,,,,,1,,,,,,,,,,,,1,,,,,,,,,,,,1,,,,,,,,,,,,,,,,,,,,,,,,5,,,2,,,1,,,,,,,,,,,,1,,,,,,2,,,,,,1,,,,,,,,,,,,,,,,,,,,,,,,,,,,,,,,,,,,2,,,,,,1,,,,,,,,,,,,,,,,,,,,,,,,1,,,,,,,,,,,,,,,,,,1,,,,,,1,,,,,,,,,,,,,,,,,,2,,,,,,,,,,,,,,,,,,2,,,,,,,,,,,,,,,,,,,,,,,,,,,,,,1,,,,,,1,,,,,,,,,,,,,,,,,,,,,,,,2,,,,,,2,,,,,,,,,,,,,,,,,,,,,,,,,,,,,,1,,,,,,,,,,,,1,,,,,,,,,,,,1,,,,,,,,,,,,,,,,,,1,,,1,,,1,,,,,,,,,,,,1,,,,,,1,,,,,,2,,,,,,33,,,64,,,5,,,13,,,,,,1,,,,,,,,,,,,6,,,,,,,,,,,,3,,,,,,12,,,3,,,4,,,,,,,1,,,1,,4,,,,,,2,,,,,,13,,,,,,7,,,,,,10,,,2,,,8,,,,,,,,,,,,,,,,,,1,,,1,,,56,,,84,,,6,,,13,,,,,,2,,,1,,,1,,,,,,9,,,2,,,1,,,,,,12,,,,,,22,,,10,,,1,,,,,,3,,,,,,12,,,3,,,,1,,,1,,,,,,,,29,,,9,,,40,,,105,,,25,,,6,,,1,,,2,,,,,,19,,,3,,,1,,,,,,9,,,2,,,,1,,1,,,34,,,37,,,6,,
,25899,23572,3516,1,1666,,,36,,,BL-1666-36-recto,,,21,,,August,,,28,,,August,,,,,,,,,1,,,,,,,,,,,,1,,,,,,,,,,,,3,,,,,,,,,,,,1,,,,,,,,,,,,,,,,,,,,,,,,1,,,,,,1,,,,,,1,,,,,,1,,,1,,,,,,,,,,,,,,,1,,,,,,,,,,,,1,,,,,,,,,,,,,,,,,,,,,,,,2,,,,,,,,,,,,,,,,,,,,,,,,1,,,,,,,,,,,,,,,,,,,,,,,,,,,,,,1,,,,,,,,,,,,,,,,,,2,,,,,,,,,,,,1,,,,,,,,,,,,,,,,,,,,,,,,,,,,,,2,,,,,,,,,,,,,,,,,,1,,,,,,,1,,,1,,1,,,,,,1,,,,,,,,,,,,,,,,,,,,,,,,1,,,,,,1,,,,,,,,,,,,,,,,,,,,,,,,,,,,,,1,,,1,,,,,,,,,,,,,,,,,,,,,,,,,,,,,,,,,,,,,,,,,,,,,,,,,,,1,,,,,,1,,,,,,3,,,,,,,,,,,,,,,,,,1,,,,,,1,,,,,,,,,,,,,,,,,,2,,,,,,,,,,,,,,,,,,1,,,,,,,,,,,,,,,,,,,,,,,,,,,,,,,,,,,,,,,,,,,,,,,,,,,,,,,,,,,,2,,,,,,,,,,,,3,,,2,,,2,,,,,,1,,,,,,1,,,,,,,,,,,,1,,,,,,36,,,47,,,4,,,11,,,1,,,3,,,,,,,,,,,,9,,,,,,,,,,,,5,,,,,,16,,,2,,,4,,,,,,,1,,,1,,3,,,,,,1,,,,,,19,,,3,,,7,,,1,,,12,,,5,,,14,,,,,,,,,,,,,,,,,,,,,,,,49,,,104,,,12,,,5,,,,,,2,,,1,,,5,,,,,,5,,,,,,5,,,4,,,8,,,,,,14,,,5,,,,,,,,,3,,,,,,12,,,1,,,,1,,,1,,1,,,,,,24,,,1,,,42,,,84,,,12,,,2,,,,,,2,,,,,,16,,,,,,3,,,,,,8,,,2,,,,1,,,,,22,,,31,,,2,,
,26460,23712,3517,1,1669,,,21,,,BL-1669-21-recto,,,11,,,May,,,18,,,May,,,1,,,,,,,,,,,,,,,,,,1,,,,,,,,,,,,,,,,,,,,,,,,,,,,,,,,,,,,1,,,,,,,,,,,,2,,,,,,,,,,,,,,,,,,,,,,,,,,,,,,,,,,,,,,,,,,,,,,,,,,,,,,,,,,,,,,,,,,,,,,,,2,,,,,,,,,,,,,,,,,,,,,,,,,,,,,,,,,,,,2,,,,,,,,,,,,,,,,,,,,,,,,,,,,,,,,,,,,3,,,,,,1,,,,,,,,,,,,,,,,,,,,,,,,,,,,,,2,,,,,,2,,,,,,,,,,,,,,,,,,,,,,,,,,,,,,,,,,,,,,,,,,,,,,,,,,,,,,,,,,,,,,,,,,,,,,,,,,,,,,,,,,,,,,,,,,,,,,,,,,,,,,,,,,,,,,,,,,,,,,,,,,,,,,,,,,,,,,,,,,1,,,,,,,,,,,,,,,,,,,,,,,,,,,,,,,,,,,,,,,,,,,,,,,,1,,,,,,,,,,,,,,,,,,,,,,,,,,,,,,,,,,,,,,,,,,,,,,,,,,,,,,,,,,,,,,,,,,1,,,,,,,,,,,,,,,,,,,,,,,,,,,,,,2,,,,,,,,,,,,,,,,,,1,,,,,,,,,,,,,,,,,,,,,,,,,,,,,,11,,,22,,,0,,,11,,,,,,3,,,,,1,,,,,,,3,,,,,,,,,,,,5,,,,,,9,,,,,,5,,,,,,,1,,,1,,3,,,,,,3,,,,,,24,,,,,,6,,,,,,15,,,,,,7,,,,,,,,,,,,1,,,,,,,,,,,,77,,,95,,,0,,,14,,,,,,1,,,,,,5,,,,,,6,,,,,,3,,,,,,8,,,,,,4,,,,,,4,,,,,,2,,,,,,17,,,,,,,1,,,1,,1,,,,,,32,,,,,,84,,,97,,,0,,,11,,,,,,2,,,,,,17,,,,,,2,,,,,,15,,,,,,,,,,,,43,,,47,,,0,,
,26463,23715,3518,1,1669,,,24,,,BL-1669-24-recto,,,1,,,June,,,8,,,June,,,,,,,,,2,,,,,,,,,,,,,,,,,,,,,,,,,,,,,,,,,,,,,,,,,,2,,,,,,1,,,,,,,,,,,,,,,,,,,,,,,,,,,,,,,,,,,,,,,,,,,,,,,,,,,,,,1,,,,,,,,,,,,,,,,,,,,,,,,,,,,,,2,,,,,,,,,,,,,,,,,,,,,,,,1,,,,,,,,,,,,,,,,,,,,,,,,,,,,,,,,,,,,,,,,,,,,,,,,,,,,,,,,,,,,,,,,,,,,,,,,,,,,,,,,,,,,,,,,,,1,,,,,,1,,,,,,,,,,,,,,,,,,,,,,,,,,,,,,,,,,,,,,,,,,,,,,,,,,,,,,1,,,,,,,,,,,,,,,,,,,,,,,,,,,,,,,,,,,,,,,,,,,,,,,,,,,,,,,,,,,,,,,,,,,,,,,,,,,,,,,,,,,,,,,,,,1,,,,,,,,,,,,,,,,,,,,,,,,,,,,,,,,,,,,,,,,,,,,,,,,,,,,,,,,,,,,,,,,,,,,,,,,,,,,,,,,,,,,,,,,,,,,,,,,,,,,,,2,,,,,,,,,,,,,,,,,,,,,,,,,,,,,,,,,,,,,,,,,,,,,,,,,,,,,,,,,,,,,,,,,,,,,,,,,,,,,,12,,,15,,,0,,,12,,,,,,2,,,,,,,,,,,,,,,,,,,,,,,,3,,,,,,15,,,,,,7,,,,,,,1,,,1,,4,,,,,,7,,,,,,26,,,,,,9,,,,,,12,,,,,,10,,,,,,,,,,,,,,,,,,,,,,,,84,,,107,,,0,,,12,,,,,,1,,,,,,5,,,,,,2,,,,,,6,,,,,,9,,,,,,4,,,,,,5,,,,,,,,,,,,11,,,,,,,1,,,1,,2,,,,,,17,,,,,,82,,,74,,,0,,,10,,,,,,2,,,,,,14,,,,,,4,,,,,,14,,,,,,,,,,,,40,,,44,,,0,,
,26501,23723,3519,1,1669,,,32,,,BL-1669-32-recto,,,27,,,July,,,3,,,August,,,,,,,,,,,,,,,,,,,,,1,,,,,,,,,,,,,,,,,,1,,,,,,2,,,,,,2,,,,,,2,,,,,,,,,,,,1,,,,,,,,,,,,,,,,,,1,,,,,,,,,,,,,,,,,,,,,,,,,,,,,,,,,,,,,,,,,,,,,,,,,,,,,,,,,,,,,,,,,,,,,,,,,,,,,,1,,,,,,,,,,,,2,,,,,,1,,,,,,,,,,,,,,,,,,,,,,,,,,,,,,1,,,,,,,,,,,,,,,,,,,,,,,,,,,,,,,,,,,,1,,,,,,2,,,,,,,,,,,,,,,,,,,,,,,,,,,,,,,,,,,,,,,,,,,,,,,,,,,,,,,,,,,,,,,,,,,,,,,,,,,,,,,,,,,,,,,,,,,,,,,,,,,,,,,,,,,,,,,,,,2,,,,,,,,,,,,,,,,,,,,,,,,,,,,,,,,,,,,1,,,,,,,,,,,,,,,,,,,,,,,,,,,,,,,,,,,,2,,,,,,,,,,,,2,,,,,,,,,,,,,,,,,,,,,,,,,,,,,,1,,,,,,,,,,,,,,,,,,,,,,,,2,,,,,,,,,,,,,,,,,,,,,,,,,,,,,,1,,,,,,,,,,,,,,,,,,2,,,,,,,,,,,,,,,,,,,,,,,,,,,,,,9,,,31,,,0,,,16,,,,,,1,,,,,,1,,,,,,,,,,,,,,,,,,3,,,,,,18,,,,,,9,,,,,,,1,,,1,,2,,,,,,1,,,,,,26,,,,,,10,,,,,,14,,,,,,12,,,,,,2,,,,,,2,,,,,,,,,,,,85,,,117,,,0,,,17,,,,,,2,,,,,,7,,,,,,5,,,,,,6,,,,,,18,,,,,,10,,,,,,7,,,,,,4,,,,,,22,,,,,,,1,,,1,,3,,,,,,35,,,,,,92,,,136,,,0,,,11,,,,,,2,,,,,,26,,,,,,1,,,,,,16,,,,,,,,,,,,47,,,56,,,0,,
,26502,23724,3520,1,1669,,,33,,,BL-1669-33-recto,,,3,,,August,,,10,,,August,,,,,,,,,2,,,,,,1,,,,,,1,,,,,,,,,,,,,,,,,,,,,,,,,,,,,,,,,,,,,,,,,,,,,,,,2,,,,,,,,,,,,,,,,,,,,,,,,,,,,,,,,,,,,,,,,,,,,,,,,,,,,,,,,,,,,,,,,,,,,,,,,2,,,,,,,,,,,,,,,,,,,,,,,,1,,,,,,,,,,,,1,,,,,,,,,,,,,,,,,,,,,,,,,,,,,,,,,,,,,,,,,,,,,,,,,,,,,,,,,,,,,,,,,,,,,,,,1,,,,,,1,,,,,,1,,,,,,,,,,,,,,,,,,,,,,,,1,,,,,,1,,,,,,,,,,,,,,,,,,,,,,,,,,,,,,1,,,,,,1,,,,,,,,,,,,,,,,,,,,,,,,2,,,,,,,,,,,,,,,,,,,,,,,,,,,,,,,,,,,,,,,,,,,,,,,,,,,,,,,,,,,,,,,,,,,,,,,,,,,,,,,,,,,,1,,,,,,,,,,,,,,,,,,,,,,,,,,,,,,,,,,,,,,,,,,1,,,,,,,,,,,,,,,,,,1,,,,,,,,,,,,1,,,,,,1,,,,,,,,,,,,,,,,,,,,,,,,,,,,,,,,,,,,,,,,,,2,,,,,,,,,,,,1,,,,,,,,,,,,,,,,,,11,,,27,,,0,,,20,,,,,,1,,,,,,1,,,,,,2,,,,,,,,,,,,11,,,,,,19,,,,,,11,,,,,,,1,,,1,,1,,,,,,6,,,,,,29,,,,,,19,,,,,,19,,,,,,11,,,,,,,,,,,,,,,,,,,,,,,,97,,,150,,,0,,,26,,,,,,4,,,,,,15,,,,,,5,,,,,,8,,,,,,16,,,,,,16,,,,,,13,,,,,,3,,,,,,31,,,,,,,1,,,1,,4,,,,,,49,,,,,,91,,,190,,,0,,,12,,,,,,1,,,,,,32,,,,,,5,,,,,,19,,,,,,,,,,,,39,,,70,,,0,,
,26534,23726,3660,1,1669,,,35,,,BL-1669-35-recto,,,17,,,August,,,24,,,August,,,,,,,,,1,,,,,,,,,,,,1,,,,,,,,,,,,,,,,,,,,,,,,2,,,,,,4,,,,,,,,,,,,,,,,,,2,,,,,,,,,,,,,,,,,,1,,,,,,,,,,,,,,,,,,1,,,,,,,,,,,,,,,,,,,,,,,,,,,,,,,,,,,,3,,,,,,,,,,,,,,,,,,1,,,,,,,,,,,,,,,,,,,,,,,,,,,,,,,,,,,,,,,,,,,,,,,,,,,,,,1,,,,,,2,,,,,,,,,,,,,,,,,,,,,,,,1,,,,,,1,,,,,,2,,,,,,1,,,,,,,,,,,,1,,,,,,,,,,,,,,,,,,1,,,,,,,,,,,,,,,,,,2,,,,,,,,,,,,,,,,,,2,,,,,,,,,,,,,,,,,,,,,,,,1,,,,,,,,,,,,,,,,,,,,,,,,,,,,,,,,,,,,,,,,,,,,,,,,,,,,,,,,,,,,,,,,,,,,,,,,,,,,,,,,,,,,,,,,,,,,,,,,,,,,,,,,,,,,,,,,,,,,,,,,,,,,,,,,,,,,,,,,,,,,,,,,,,,,,,,,,,,,1,,,,,,,,,,,,,,,,,,,,,,,,,,,,,,,,,,,,,,,,,,,,,,,,3,,,,,,,,,,,,,,,,,,,,,,,,,,,,,,8,,,35,,,0,,,21,,,,,,2,,,,,,2,,,,,,2,,,,,,,,,,,,4,,,,,,17,,,,,,8,,,,,,,1,,,1,,5,,,,,,8,,,,,,42,,,,,,22,,,,,,28,,,,,,15,,,,,,3,,,,,,,,,,,,,,,,,,95,,,179,,,0,,,19,,,,,,10,,,,,,19,,,,,,6,,,,,,6,,,,,,30,,,,,,11,,,,,,6,,,,,,7,,,,,,17,,,,,,,1,,,1,,,,,,,,64,,,,,,93,,,195,,,0,,,16,,,,,,2,,,,,,34,,,,,,3,,,,,,18,,,,,,,,,,,,49,,,73,,,0,,
,26539,23731,3661,1,1669,,,40,,,BL-1669-40-recto,,,21,,,September,,,28,,,September,,,,,,,,,2,,,,,,2,,,,,,1,,,,,,,,,,,,,,,,,,,,,,,,1,,,,,,3,,,,,,2,,,,,,,,,,,,,,,,,,2,,,,,,,,,,,,2,,,,,,,,,,,,,,,,,,2,,,,,,,,,,,,,,,,,,2,,,,,,,,,,,,,,,,,,,,,,,,1,,,,,,,,,,,,,,,,,,1,,,,,,,,,,,,3,,,,,,,,,,,,2,,,,,,1,,,,,,,,,,,,,,,,,,5,,,,,,2,,,,,,,,,,,,,,,,,,,,,,,,,,,,,,,,,,,,2,,,,,,2,,,,,,,,,,,,,,,,,,,,,,,,,,,,,,1,,,,,,,,,,,,,,,,,,,,,,,,,,,,,,,,,,,,3,,,,,,1,,,,,,,,,,,,,,,,,,2,,,,,,,,,,,,1,,,,,,,,,,,,,,,,,,,,,,,,,,,,,,,,,,,,1,,,,,,1,,,,,,,,,,,,,,,,,,,,,,,,,,,,,,2,,,,,,2,,,,,,1,,,,,,2,,,,,,,,,,,,,,,,,,,,,,,,,,,,,,1,,,,,,,,,,,,,,,,,,,,,,,,1,,,,,,,,,,,,,,,,,,,,,,,,,,,,,,,,,,,,,,,,,,2,,,,,,3,,,,,,,,,,,,1,,,,,,,,,,,,,,,,,,11,,,63,,,0,,,19,,,,,,4,,,,,,2,,,,,,4,,,,,,,,,,,,13,,,,,,26,,,,,,14,,,,,,,1,,,1,,5,,,,,,13,,,,,,47,,,,,,25,,,,,,22,,,,,,24,,,,,,5,,,,,,,,,,,,,,,,,,79,,,223,,,0,,,28,,,,,,6,,,,,,16,,,,,,3,,,,,,16,,,,,,26,,,,,,19,,,,,,8,,,,,,6,,,,,,19,,,,,,,1,,,1,,4,,,,,,69,,,,,,73,,,220,,,0,,,9,,,,,,3,,,,,,30,,,,,,1,,,,,,21,,,,,,,,,,,,44,,,64,,,0,,
,26811,23796,3110,1,1670,,,1,,,BL-1670-01-recto,,,20,,,December,,,27,,,December,,,,,,,,,1,,,,,,1,,,,,,,,,,,,,,,,,,,,,,,,,,,,,,1,,,,,,1,,,,,,1,,,,,,,,,,,,1,,,,,,,,,,,,,,,,,,1,,,,,,,,,,,,,,,,,,1,,,,,,,,,,,,,,,,,,,,,,,,,,,,,,,,,,,,2,,,,,,,,,,,,,,,,,,,,,,,,1,,,,,,1,,,,,,,,,,,,,,,,,,,,,,,,,,,,,,,,,,,,,,,,,,1,,,,,,,,,,,,,,,,,,,,,,,,,,,,,,,,,,,,,,,,,,1,,,,,,,,,,,,,,,,,,,,,,,,,,,,,,2,,,,,,1,,,,,,,,,,,,,,,,,,,,,,,,,,,,,,2,,,,,,,,,,,,,,,,,,,,,,,,,,,,,,1,,,,,,,,,,,,,,,,,,,,,,,,,,,,,,,,,,,,,,,,,,1,,,,,,,,,,,,1,,,,,,,,,,,,,,,,,,,,,,,,,,,,,,,,,,,,,,,,,,,,,,,,,,,,,,,,,,,,,,,,,,,,,,,,2,,,,,,,,,,,,1,,,,,,,,,,,,,,,,,,1,,,,,,,,,,,,,,,,,,,,,,,,,,,,,,1,,,,,,,,,,,,,,,,,,1,,,,,,,,,,,,,,,,,,,,,,,,,,,,,,14,,,28,,,0,,,21,,,,,,,,,,,,,,,,,,1,,,,,,,,,,,,3,,,,,,14,,,,,,7,,,,,,,1,,,1,,3,,,,,,6,,,,,,22,,,,,,15,,,,,,8,,,,,,7,,,,,,1,,,,,,1,,,,,,,,,,,,71,,,109,,,0,,,16,,,,,,,,,,,,6,,,,,,2,,,,,,1,,,,,,9,,,,,,5,,,,,,,,,,,,1,,,,,,14,,,,,,,1,,,1,,3,,,,,,20,,,,,,56,,,77,,,0,,,10,,,,,,1,,,,,,16,,,,,,1,,,,,,21,,,,,,,,,,,,36,,,49,,,0,,
,26812,23797,3111,1,1670,,,2,,,BL-1670-02-recto,,,27,,,December,,,3,,,January,,,1,,,,,,1,,,,,,,,,,,,1,,,,,,,,,,,,1,,,,,,1,,,,,,,,,,,,2,,,,,,1,,,,,,,,,,,,1,,,,,,1,,,,,,,,,,,,,,,,,,,,,,,,,,,,,,,,,,,,,,,,,,,,,,,,,,,,,,,,,,,,,,,,,,1,,,,,,1,,,,,,,,,,,,,,,,,,1,,,,,,,,,,,,,,,,,,,,,,,,1,,,,,,,,,,,,,,,,,,,,,,,,,,,,,,,,,,,,,,,,,,,,,,,,,,,,,,,,,,,,1,,,,,,1,,,,,,,,,,,,1,,,,,,,,,,,,,,,,,,,,,,,,,,,,,,,,,,,,,,,,,,,,,,,,,,,,,,,,,,,,,,,,,,,,,,,,,,,,,,,,,,,,,,,,,,,,,,,,,,,,,,,,,,,,,,,,,,2,,,,,,,,,,,,,,,,,,,,,,,,,,,,,,1,,,,,,,,,,,,,,,,,,1,,,,,,,,,,,,,,,,,,1,,,,,,1,,,,,,,,,,,,,,,,,,,,,,,,,,,,,,1,,,,,,,,,,,,,,,,,,,,,,,,1,,,,,,,,,,,,,,,,,,,,,,,,,,,,,,,,,,,,,,,,,,2,,,,,,4,,,,,,,,,,,,1,,,,,,,,,,,,,,,,,,15,,,32,,,0,,,20,,,,,,1,,,,,,,,,,,,5,,,,,,,,,,,,4,,,,,,21,,,,,,8,,,,,,,1,,,1,,2,,,,,,4,,,,,,16,,,,,,16,,,,,,12,,,,,,13,,,,,,,,,,,,1,,,,,,,,,,,,109,,,123,,,0,,,11,,,,,,3,,,,,,3,,,,,,5,,,,,,6,,,,,,5,,,,,,10,,,,,,5,,,,,,1,,,,,,15,,,,,,,1,,,1,,2,,,,,,15,,,,,,87,,,81,,,0,,,9,,,,,,2,,,,,,23,,,,,,2,,,,,,20,,,,,,,,,,,,70,,,56,,,0,,
,26813,23798,3112,1,1670,,,3,,,BL-1670-03-recto,,,3,,,January,,,10,,,January,,,,,,,,,2,,,,,,,,,,,,,,,,,,,,,,,,,,,,,,,,,,,,2,,,,,,1,,,,,,,,,,,,,,,,,,2,,,,,,1,,,,,,,,,,,,4,,,,,,,,,,,,,,,,,,,,,,,,1,,,,,,2,,,,,,1,,,,,,1,,,,,,,,,,,,,,,,,,,,,,,,,,,,,,,,,,,,,,,,,,,,,,,,,,,,,,1,,,,,,,,,,,,,,,,,,,,,,,,,,,,,,,,,,,,,,,,,,,,,,,,1,,,,,,,,,,,,,,,,,,,,,,,,3,,,,,,,,,,,,,,,,,,,,,,,,,,,,,,1,,,,,,,,,,,,,,,,,,,,,,,,1,,,,,,,,,,,,,,,,,,,,,,,,,,,,,,,,,,,,,,,,,,,,,,,,,,,,,,,,,,,,,,,,,,,,,,,,,,,,,,,,,,,,1,,,,,,,,,,,,,,,,,,,,,,,,,,,,,,,,,,,,1,,,,,,,,,,,,,,,,,,,,,,,,,,,,,,,,,,,,,,,,,,,,,,,,,,,,,,,,,,,,,,,,,,,,,,,,,,,,,,,,,,,,1,,,,,,,,,,,,,,,,,,,,,,,,,,,,,,,,,,,,1,,,,,,2,,,,,,,,,,,,,,,,,,,,,,,,,,,,,,30,,,30,,,0,,,16,,,,,,1,,,,,,,,,,,,,,,,,,,,,,,,4,,,,,,13,,,,,,,,,,,,,1,,,1,,7,,,,,,4,,,,,,26,,,,,,14,,,,,,10,,,,,,16,,,,,,1,,,,,,1,,,,,,,,,,,,93,,,113,,,0,,,23,,,,,,2,,,,,,4,,,,,,5,,,,,,1,,,,,,8,,,,,,6,,,,,,3,,,,,,2,,,,,,15,,,,,,,1,,,1,,,,,,,,31,,,,,,87,,,100,,,0,,,7,,,,,,1,,,,,,24,,,,,,3,,,,,,19,,,,,,,,,,,,60,,,54,,,0,,
,26814,23799,3113,1,1670,,,4,,,BL-1670-04-recto,,,10,,,January,,,17,,,January,,,,,,,,,,,,,,,,,,,,,,,,,,,,,,,,,,,,,,,,,,,,,,,,,,,,,,,,,,,,,,,,,,,,,1,,,,,,,,,,,,3,,,,,,1,,,,,,,,,,,,,,,,,,,,,,,,,,,,,,,,,,,,1,,,,,,,,,,,,,,,,,,2,,,,,,,,,,,,,,,,,,,,,,,,1,,,,,,,,,,,,1,,,,,,,,,,,,1,,,,,,,,,,,,,,,,,,,,,,,,,,,,,,,,,,,,,,,,,,,,,,,,,,,,,,,,,,,,,,,,,,2,,,,,,,,,,,,,,,,,,,,,,,,,,,,,,1,,,,,,2,,,,,,,,,,,,,,,,,,,,,,,,1,,,,,,,,,,,,1,,,,,,,,,,,,,,,,,,,,,,,,2,,,,,,1,,,,,,,,,,,,,,,,,,,,,,,,1,,,,,,,,,,,,,,,,,,,,,,,,1,,,,,,1,,,,,,,,,,,,,,,,,,,,,,,,,,,,,,,,,,,,1,,,,,,2,,,,,,,,,,,,,,,,,,,,,,,,,,,,,,1,,,,,,,,,,,,,,,,,,,,,,,,,,,,,,,,,,,,,,,,,,,,,,,,,,,,,,,,,,,,,,,,,,1,,,,,,,,,,,,,,,,,,,,,,,,,,,,,,,,,,,,17,,,29,,,0,,,9,,,,,,,,,,,,,,,,,,2,,,,,,,,,,,,5,,,,,,16,,,,,,4,,,,,,,1,,,1,,1,,,,,,6,,,,,,21,,,,,,15,,,,,,24,,,,,,11,,,,,,1,,,,,,2,,,,,,,,,,,,102,,,116,,,0,,,21,,,,,,2,,,,,,9,,,,,,1,,,,,,6,,,,,,6,,,,,,6,,,,,,2,,,,,,1,,,,,,8,,,,,,,1,,,1,,2,,,,,,27,,,,,,88,,,91,,,0,,,6,,,,,,3,,,,,,17,,,,,,2,,,,,,18,,,,,,,,,,,,43,,,46,,,0,,
,26815,23800,3114,1,1670,,,5,,,BL-1670-05-recto,,,17,,,January,,,24,,,January,,,,,,,,,4,,,,,,,,,,,,,,,,,,,,,,,,,,,,,,,,,,,,,,,,,,1,,,,,,1,,,,,,,,,,,,,,,,,,,,,,,,,,,,,,,,,,,,1,,,,,,,,,,,,,,,,,,,,,,,,,,,,,,,,,,,,,,,,,,,,,,,,1,,,,,,,,,,,,,,,,,,,,,,,,,,,,,,,,,,,,1,,,,,,,,,,,,1,,,,,,,,,,,,,,,,,,1,,,,,,,,,,,,,,,,,,,,,,,,,,,,,,,,,,,,,,,,,,,,,,,,,,,,,,,,,,,,,,,,,,,,,,,,,,,,,,,,,,,,,,,,,,,,,,,,,,,,,,,,,,,,,,,,,,,,,,,,,,,,,,,,,,,,,,,,,,,,,,,,1,,,,,,,,,,,,,,,,,,,,,,,,,,,,,,,,,,,,,,,,,,,,,,,,,,,,,,1,,,,,,,,,,,,1,,,,,,,,,,,,,,,,,,,,,,,,1,,,,,,,,,,,,,,,,,,,,,,,,,,,,,,,,,,,,,,,,,,2,,,,,,,,,,,,,,,,,,,,,,,,,,,,,,,,,,,,,,,,,,,,,,,,,,,,,,,,,,,,,,,,,,,,,,,,1,,,,,,,,,,,,1,,,,,,,,,,,,,,,,,,18,,,19,,,0,,,11,,,,,,1,,,,,,,,,,,,5,,,,,,,,,,,,1,,,,,,14,,,,,,10,,,,,,,1,,,1,,2,,,,,,4,,,,,,16,,,,,,17,,,,,,7,,,,,,15,,,,,,,,,,,,,,,,,,,,,,,,101,,,103,,,0,,,24,,,,,,1,,,,,,9,,,,,,3,,,,,,4,,,,,,7,,,,,,4,,,,,,1,,,,,,4,,,,,,15,,,,,,,1,,,1,,1,,,,,,26,,,,,,66,,,99,,,0,,,7,,,,,,2,,,,,,18,,,,,,3,,,,,,20,,,,,,,,,,,,54,,,50,,,0,,
,26816,23801,3115,1,1670,,,6,,,BL-1670-06-recto,,,24,,,January,,,31,,,January,,,1,,,,,,,,,,,,,,,,,,,,,,,,,,,,,,,,,,,,2,,,,,,,,,,,,2,,,,,,,,,,,,,,,,,,1,,,,,,1,,,,,,2,,,,,,,,,,,,1,,,,,,,,,,,,,,,,,,,,,,,,,,,,,,1,,,,,,,,,,,,,,,,,,2,,,,,,,,,,,,,,,,,,,,,,,,,,,,,,,,,,,,,,,,,,,,,,,,,,,,,,,,,,,,,,,,,,1,,,,,,,,,,,,,,,,,,,,,,,,,,,,,,,,,,,,,,,,,,3,,,,,,1,,,,,,,,,,,,,,,,,,,,,,,,,,,,,,,,,,,,,,,,,,,,,,,,,,,,,,1,,,,,,,,,,,,2,,,,,,1,,,,,,,,,,,,,,,,,,,,,,,,2,,,,,,,,,,,,1,,,,,,,,,,,,,,,,,,,,,,,,,,,,,,,,,,,,,,,,,,,,,,,,,,,,,,,,,,,,,,,,,,,,,,,,,,,,,,1,,,,,,,,,,,,,,,,,,,,,,,,,,,,,,,,,,,,,,,,,,1,,,,,,,,,,,,,,,,,,1,,,,,,,,,,,,,,,,,,,,,,,,,,,,,,,,,,,,,,,,,,,,,,,,,,,,,,,,,,,,,,,,,,,,,,,,,,,,,,,,,,,,28,,,28,,,0,,,10,,,,,,2,,,,,,1,,,,,,3,,,,,,,,,,,,3,,,,,,10,,,,,,9,,,,,,,1,,,1,,7,,,,,,4,,,,,,20,,,,,,10,,,,,,10,,,,,,9,,,,,,1,,,,,,,,,,,,,,,,,,103,,,99,,,0,,,20,,,,,,,,,,,,6,,,,,,3,,,,,,3,,,,,,8,,,,,,8,,,,,,3,,,,,,1,,,,,,10,,,,,,,1,,,1,,,,,,,,22,,,,,,68,,,84,,,0,,,9,,,,,,3,,,,,,18,,,,,,,,,,,,24,,,,,,,,,,,,62,,,54,,,0,,
,26817,23802,3116,1,1670,,,7,,,BL-1670-07-recto,,,31,,,January,,,7,,,February,,,,,,,,,2,,,,,,,,,,,,,,,,,,,,,,,,,,,,,,,,,,,,2,,,,,,,,,,,,,,,,,,,,,,,,2,,,,,,1,,,,,,1,,,,,,2,,,,,,,,,,,,,,,,,,,,,,,,,,,,,,,,,,,,,,,,,,,,,,,,,,,,,,1,,,,,,,,,,,,,,,,,,,,,,,,3,,,,,,,,,,,,,,,,,,,,,,,,,,,,,,,,,,,,,,,,,,,,,,,,1,,,,,,2,,,,,,,,,,,,,,,,,,,,,,,,,,,,,,1,,,,,,1,,,,,,,,,,,,,,,,,,,,,,,,,,,,,,,,,,,,,,,,,,,,,,,,,,,,,,,,,,,,,,,,,,,,,,,,,,,,,,,,,,,,,,,,,,,,,,,,,,,,,,1,,,,,,1,,,,,,,,,,,,,,,,,,1,,,,,,1,,,,,,,,,,,,,,,,,,,,,,,,,,,,,,,,,,,,,,,,,,,,,,,,,,,,,,,,,,,,1,,,,,,,,,,,,,,,,,,,,,,,,1,,,,,,1,,,,,,,,,,,,,,,,,,,,,,,,,,,,,,,,,,,,,,,,,,,,,,,,,,,,,,,,,,,,,,,,,,,,,,,,,,,,,,1,,,,,,,,,,,,,,,,,,,,,,,,,,,,,,21,,,27,,,0,,,15,,,,,,1,,,,,,,,,,,,3,,,,,,,,,,,,1,,,,,,13,,,,,,6,,,,,,,1,,,1,,7,,,,,,4,,,,,,14,,,,,,20,,,,,,10,,,,,,8,,,,,,,,,,,,,,,,,,,,,,,,96,,,102,,,0,,,14,,,,,,1,,,,,,5,,,,,,3,,,,,,6,,,,,,12,,,,,,11,,,,,,4,,,,,,2,,,,,,17,,,,,,,1,,,1,,3,,,,,,19,,,,,,76,,,97,,,0,,,14,,,,,,2,,,,,,26,,,,,,1,,,,,,26,,,,,,,,,,,,52,,,69,,,0,,
,26818,23803,3117,1,1670,,,8,,,BL-1670-08-recto,,,7,,,February,,,14,,,February,,,1,,,,,,,,,,,,,,,,,,1,,,,,,,,,,,,1,,,,,,,,,,,,2,,,,,,,,,,,,1,,,,,,,,,,,,,,,,,,,,,,,,,,,,,,2,,,,,,,,,,,,,,,,,,1,,,,,,,,,,,,,,,,,,1,,,,,,,,,,,,,,,,,,3,,,,,,,,,,,,,,,,,,,,,,,,1,,,,,,,,,,,,,,,,,,2,,,,,,,,,,,,1,,,,,,,,,,,,,,,,,,3,,,,,,1,,,,,,,,,,,,,,,,,,1,,,,,,,,,,,,,,,,,,,,,,,,,,,,,,,,,,,,,,,,,,,,,,,,,,,,,,1,,,,,,,,,,,,,,,,,,1,,,,,,,,,,,,3,,,,,,2,,,,,,,,,,,,,,,,,,,,,,,,,,,,,,,,,,,,1,,,,,,,,,,,,,,,,,,,,,,,,,,,,,,,,,,,,1,,,,,,2,,,,,,,,,,,,,,,,,,,,,,,,,,,,,,,,,,,,,,,,,,1,,,,,,1,,,,,,,,,,,,,,,,,,,,,,,,,,,,,,,,,,,,,,,,,,,,,,,,,,,,,,,,,,,,,,,,,,,,,,,,,,,,,,,,,,,,,,,,,,,,,,,,1,,,,,,,,,,,,,,,,,,,,,,,,,,,,,,,,,,,,8,,,35,,,0,,,11,,,,,,1,,,,,,,,,,,,4,,,,,,,,,,,,3,,,,,,12,,,,,,9,,,,,,,1,,,1,,4,,,,,,5,,,,,,23,,,,,,18,,,,,,16,,,,,,9,,,,,,,,,,,,,,,,,,,,,,,,90,,,115,,,0,,,17,,,,,,4,,,,,,10,,,,,,1,,,,,,3,,,,,,2,,,,,,9,,,,,,13,,,,,,2,,,,,,13,,,,,,,1,,,1,,2,,,,,,24,,,,,,76,,,100,,,0,,,5,,,,,,2,,,,,,29,,,,,,2,,,,,,10,,,,,,,,,,,,51,,,48,,,0,,
,26819,23804,3118,1,1670,,,9,,,BL-1670-09-recto,,,14,,,February,,,21,,,February,,,,,,,,,1,,,,,,,,,,,,,,,,,,,,,,,,,,,,,,,,,,,,,,,,,,3,,,,,,,,,,,,,,,,,,2,,,,,,,,,,,,,,,,,,,,,,,,1,,,,,,,,,,,,,,,,,,,,,,,,,,,,,,1,,,,,,,,,,,,,,,,,,,,,,,,,,,,,,,,,,,,,,,,,,2,,,,,,,,,,,,,,,,,,,,,,,,1,,,,,,,,,,,,1,,,,,,,,,,,,1,,,,,,,,,,,,,,,,,,,,,,,,,,,,,,,,,,,,1,,,,,,,,,,,,,,,,,,,,,,,,,,,,,,,,,,,,1,,,,,,,,,,,,,,,,,,,,,,,,,,,,,,,,,,,,,,,,,,,,,,,,,,,,,,,,,,,,,,,,,,,,,,,,,,,,,,,,,,,,2,,,,,,,,,,,,1,,,,,,,,,,,,,,,,,,,,,,,,1,,,,,,,,,,,,1,,,,,,,,,,,,,,,,,,,,,,,,,,,,,,,,,,,,,,,,,,,,,,,,,,,,,,1,,,,,,,,,,,,,,,,,,,,,,,,,,,,,,,,,,,,2,,,,,,,,,,,,,,,,,,,,,,,,,,,,,,1,,,,,,,,,,,,,,,,,,1,,,,,,,,,,,,,,,,,,,,,,,,,,,,,,23,,,25,,,0,,,17,,,,,,,,,,,,1,,,,,,5,,,,,,,,,,,,3,,,,,,13,,,,,,5,,,,,,,1,,,1,,4,,,,,,5,,,,,,23,,,,,,11,,,,,,16,,,,,,10,,,,,,1,,,,,,,,,,,,,,,,,,13,,,114,,,0,,,30,,,,,,1,,,,,,6,,,,,,3,,,,,,3,,,,,,11,,,,,,9,,,,,,2,,,,,,4,,,,,,6,,,,,,,1,,,1,,3,,,,,,29,,,,,,85,,,107,,,0,,,7,,,,,,1,,,,,,25,,,,,,,,,,,,19,,,,,,,,,,,,46,,,52,,,0,,
,26851,23805,3070,1,1670,,,10,,,BL-1670-10-recto,,,21,,,February,,,28,,,February,,,,,,,,,3,,,,,,,,,,,,,,,,,,,,,,,,1,,,,,,1,,,,,,,,,,,,3,,,,,,,,,,,,,,,,,,3,,,,,,2,,,,,,,,,,,,1,,,,,,,,,,,,,,,,,,,,,,,,,,,,,,,,,,,,,,,,,,,,,,,,,,,,,,1,,,,,,,,,,,,,,,,,,,,,,,,2,,,,,,,,,,,,1,,,,,,1,,,,,,1,,,,,,,,,,,,,,,,,,,,,,,,,,,,,,1,,,,,,,,,,,,,,,,,,,,,,,,,,,,,,1,,,,,,1,,,,,,1,,,,,,,,,,,,,,,,,,,,,,,,,,,,,,,,,,,,,,,,,,,,,,,,1,,,,,,,,,,,,,,,,,,1,,,,,,,,,,,,,,,,,,,,,,,,,,,,,,,,,,,,,,,,,,,,,,,,,,,,,,,,,,,,,,,,,,1,,,,,,,,,,,,,,,,,,,,,,,,1,,,,,,,,,,,,,,,,,,,,,,,,,,,,,,,,,,,,,,,,,,,,,,,,,,,,,,,,,,,,,,,,,,,,,,,,,,,,,,4,,,,,,,,,,,,2,,,,,,,,,,,,,,,,,,,,,,,,,,,,,,,,,,,,,,,,,,,,,,,,,,,,,,,,,,,,,,,,,,,,,,,,,,,,,,11,,,34,,,0,,,24,,,,,,1,,,,,,1,,,,,,5,,,,,,,,,,,,3,,,,,,12,,,,,,9,,,,,,,1,,,1,,5,,,,,,4,,,,,,20,,,,,,11,,,,,,8,,,,,,9,,,,,,1,,,,,,1,,,,,,,,,,,,90,,,114,,,0,,,22,,,,,,3,,,,,,5,,,,,,4,,,,,,4,,,,,,10,,,,,,4,,,,,,5,,,,,,1,,,,,,17,,,,,,,1,,,1,,4,,,,,,19,,,,,,78,,,98,,,0,,,6,,,,,,2,,,,,,20,,,,,,1,,,,,,14,,,,,,,,,,,,52,,,43,,,0,,
,26852,23806,3147,1,1670,,,11,,,BL-1670-11-recto,,,28,,,February,,,7,,,March,,,,,,,,,3,,,,,,1,,,,,,,,,,,,,,,,,,,,,,,,1,,,,,,2,,,,,,2,,,,,,,,,,,,,,,,,,1,,,,,,1,,,,,,,,,,,,,,,,,,1,,,,,,,,,,,,,,,,,,1,,,,,,1,,,,,,,,,,,,,,,,,,,,,,,,,,,,,,,,,,,,,,,,,,,,,,,,1,,,,,,,,,,,,1,,,,,,1,,,,,,,,,,,,,,,,,,,,,,,,1,,,,,,,,,,,,2,,,,,,2,,,,,,,,,,,,,,,,,,1,,,,,,,,,,,,1,,,,,,,,,,,,1,,,,,,,,,,,,,,,,,,,,,,,,,,,,,,,,,,,,,,,,,,,,,,,,,,,,,,,,,,,,1,,,,,,2,,,,,,,,,,,,,,,,,,,,,,,,,,,,,,,,,,,,,,,,,,,,,,,,1,,,,,,,,,,,,,,,,,,,,,,,,1,,,,,,1,,,,,,,,,,,,,,,,,,,,,,,,2,,,,,,1,,,,,,,,,,,,1,,,,,,,,,,,,,,,,,,,,,,,,1,,,,,,2,,,,,,,,,,,,,,,,,,,,,,,,1,,,,,,,,,,,,,,,,,,,,,,,,,,,,,,1,,,,,,,,,,,,,,,,,,3,,,,,,,,,,,,,,,,,,,,,,,,,,,,,,19,,,44,,,0,,,17,,,,,,1,,,,,,,,,,,,4,,,,,,,,,,,,3,,,,,,13,,,,,,6,,,,,,,1,,,1,,6,,,,,,3,,,,,,26,,,,,,14,,,,,,7,,,,,,10,,,,,,,,,,,,,,,,,,,,,,,,89,,,110,,,0,,,23,,,,,,3,,,,,,7,,,,,,4,,,,,,3,,,,,,6,,,,,,8,,,,,,2,,,,,,2,,,,,,12,,,,,,,1,,,1,,2,,,,,,16,,,,,,82,,,88,,,0,,,13,,,,,,4,,,,,,18,,,,,,4,,,,,,17,,,,,,,,,,,,53,,,56,,,0,,
,26853,23807,3148,1,1670,,,12,,,BL-1670-12-recto,,,7,,,March,,,14,,,March,,,,,,,,,,,,,,,,,,,,,1,,,,,,,,,,,,,,,,,,,,,,,,1,,,,,,1,,,,,,,,,,,,,,,,,,1,,,,,,1,,,,,,,,,,,,,,,,,,,,,,,,,,,,,,,,,,,,1,,,,,,,,,,,,,,,,,,,,,,,,,,,,,,1,,,,,,,,,,,,,,,,,,1,,,,,,1,,,,,,,,,,,,,,,,,,,,,,,,,,,,,,,,,,,,,,,,,,2,,,,,,1,,,,,,1,,,,,,,,,,,,,,,,,,,,,,,,,,,,,,1,,,,,,3,,,,,,1,,,,,,,,,,,,,,,,,,,,,,,,1,,,,,,,,,,,,,,,,,,,,,,,,1,,,,,,2,,,,,,,,,,,,2,,,,,,1,,,,,,,,,,,,,,,,,,1,,,,,,,,,,,,,,,,,,,,,,,,,,,,,,,,,,,,,,,,,,1,,,,,,1,,,,,,,,,,,,,,,,,,,,,,,,,,,,,,,,,,,,,,,,,,1,,,,,,,,,,,,1,,,,,,,,,,,,,,,,,,,,,,,,,,,,,,,,,,,,,,,,,,1,,,,,,,,,,,,1,,,,,,,,,,,,,,,,,,,,,,,,,,,,,,,,,,,,,,,,,,,,,,,,2,,,,,,,,,,,,,,,,,,,,,,,,,,,,,,16,,,34,,,0,,,17,,,,,,4,,,,,,3,,,,,,5,,,,,,1,,,,,,2,,,,,,16,,,,,,4,,,,,,,1,,,1,,2,,,,,,5,,,,,,16,,,,,,19,,,,,,9,,,,,,13,,,,,,,,,,,,1,,,,,,,,,,,,91,,,117,,,0,,,20,,,,,,1,,,,,,5,,,,,,4,,,,,,3,,,,,,3,,,,,,12,,,,,,4,,,,,,2,,,,,,14,,,,,,,1,,,1,,3,,,,,,19,,,,,,81,,,90,,,0,,,11,,,,,,2,,,,,,27,,,,,,1,,,,,,11,,,,,,,,,,,,66,,,52,,,0,,
,26854,23808,3150,1,1670,,,13,,,BL-1670-13-recto,,,14,,,March,,,21,,,March,,,2,,,,,,2,,,,,,,,,,,,,,,,,,,,,,,,,,,,,,,,,,,,,,,,,,3,,,,,,,,,,,,,,,,,,1,,,,,,1,,,,,,,,,,,,1,,,,,,,,,,,,,,,,,,,,,,,,1,,,,,,,,,,,,1,,,,,,,,,,,,,,,,,,2,,,,,,,,,,,,,,,,,,,,,,,,,,,,,,1,,,,,,,,,,,,2,,,,,,,,,,,,,,,,,,,,,,,,1,,,,,,1,,,,,,,,,,,,1,,,,,,,,,,,,,,,,,,,,,,,,,,,,,,2,,,,,,2,,,,,,,,,,,,,,,,,,,,,,,,,,,,,,,,,,,,,,,,,,,,,,,,,,,,,,1,,,,,,,,,,,,,,,,,,,,,,,,,,,,,,,,,,,,,,,,,,1,,,,,,,,,,,,,,,,,,,,,,,,,,,,,,,,,,,,1,,,,,,,,,,,,,,,,,,,,,,,,,,,,,,,,,,,,,,,,,,,,,,,,,,,,,,,,,,,,,,,,,,,,,,,,,,,,,,,,,,,,,,,,,,,,,,,,,,,,,,,,,,,,,,,,,,,,,,,,,,,,,,,,,,,,,,,,,,,,,,,,,,,,,,,,,,,,1,,,,,,1,,,,,,,,,,,,,,,,,,,,,,,,,,,,,,12,,,29,,,0,,,16,,,,,,,,,,,,1,,,,,,4,,,,,,,,,,,,2,,,,,,11,,,,,,6,,,,,,,1,,,1,,1,,,,,,,,,,,,20,,,,,,18,,,,,,14,,,,,,13,,,,,,,,,,,,2,,,,,,,,,,,,95,,,108,,,0,,,22,,,,,,2,,,,,,2,,,,,,4,,,,,,5,,,,,,9,,,,,,10,,,,,,3,,,,,,3,,,,,,14,,,,,,,1,,,1,,2,,,,,,20,,,,,,78,,,96,,,0,,,12,,,,,,1,,,,,,21,,,,,,,,,,,,17,,,,,,,,,,,,43,,,51,,,0,,
,26652,23757,3662,1,1670,,,14,,,BL-1670-14-recto,,,22,,,March,,,29,,,March,,,,,,,,,3,,,,,,,,,,,,,,,,,,,,,,,,,,,,,,,,,,,,,,,,,,,,,,,,,,,,,,,,,,,,4,,,,,,,,,,,,,,,,,,1,,,,,,,,,,,,,,,,,,,,,,,,,,,,,,,,,,,,,,,,,,,,,,,,,,,,,,2,,,,,,,,,,,,,,,,,,,,,,,,1,,,,,,,,,,,,1,,,,,,,,,,,,1,,,,,,,,,,,,,,,,,,,,,,,,,,,,,,1,,,,,,,,,,,,,,,,,,,,,,,,,,,,,,2,,,,,,,,,,,,1,,,,,,,,,,,,,,,,,,,,,,,,,,,,,,,,,,,,,,,,,,,,,,,,,,,,,,,,,,,,,,,,,,1,,,,,,,,,,,,,,,,,,,,,,,,,,,,,,,,,,,,,,,,,,,,,,,,,,,,,,,,,,,,,,,,,,2,,,,,,,,,,,,,,,,,,1,,,,,,,,,,,,,,,,,,1,,,,,,,,,,,,,,,,,,,,,,,,1,,,,,,,,,,,,,,,,,,,,,,,,,,,,,,,,,,,,,,,,,,,,,,,,,,,,,,1,,,,,,,,,,,,,,,,,,,,,,,,,,,,,,,,,,,,,,,,,,,,,,,,4,,,,,,,,,,,,,,,,,,,,,,,,,,,,,,19,,,28,,,0,,,35,,,,,,1,,,,,,,,,,,,1,,,,,,,,,,,,3,,,,,,20,,,,,,11,,,,,,,1,,,1,,3,,,,,,4,,,,,,41,,,,,,16,,,,,,15,,,,,,12,,,,,,,,,,,,1,,,,,,,,,,,,88,,,163,,,0,,,24,,,,,,,,,,,,10,,,,,,10,,,,,,5,,,,,,6,,,,,,7,,,,,,6,,,,,,3,,,,,,14,,,,,,,1,,,1,,1,,,,,,44,,,,,,93,,,130,,,0,,,19,,,,,,1,,,,,,37,,,,,,2,,,,,,17,,,,,,,,,,,,51,,,76,,,0,,
,26653,23758,3663,1,1670,,,15,,,BL-1670-15-recto,,,29,,,March,,,5,,,April,,,,,,,,,3,,,,,,,,,,,,,,,,,,,,,,,,,,,,,,,,,,,,,,,,,,2,,,,,,1,,,,,,,,,,,,2,,,,,,,,,,,,1,,,,,,1,,,,,,,,,,,,,,,,,,2,,,,,,,,,,,,,,,,,,,,,,,,,,,,,,,,,,,,1,,,,,,,,,,,,,,,,,,,,,,,,1,,,,,,2,,,,,,3,,,,,,,,,,,,,,,,,,,,,,,,,,,,,,,,,,,,,,,,,,2,,,,,,1,,,,,,,,,,,,,,,,,,,,,,,,1,,,,,,3,,,,,,,,,,,,,,,,,,,,,,,,,,,,,,1,,,,,,,,,,,,,,,,,,,,,,,,,,,,,,1,,,,,,,,,,,,,,,,,,1,,,,,,,,,,,,,,,,,,,,,,,,,,,,,,,,,,,,,,,,,,,,,,,,1,,,,,,,,,,,,,,,,,,,,,,,,,,,,,,,,,,,,2,,,,,,,,,,,,,,,,,,,,,,,,1,,,,,,,,,,,,,,,,,,,,,,,,1,,,,,,,,,,,,,,,,,,,,,,,,,,,,,,,,,,,,,,,,,,,,,,,,,,,,,,,,,,,,,,,,,,1,,,,,,,,,,,,,,,,,,,,,,,,,,,,,,,,,,,,,,,,,,,,,,,,,,,,,,20,,,35,,,0,,,18,,,,,,3,,,,,,,,,,,,1,,,,,,,,,,,,5,,,,,,14,,,,,,8,,,,,,,1,,,1,,4,,,,,,7,,,,,,22,,,,,,21,,,,,,21,,,,,,14,,,,,,,,,,,,1,,,,,,,,,,,,75,,,135,,,0,,,28,,,,,,3,,,,,,2,,,,,,6,,,,,,7,,,,,,5,,,,,,2,,,,,,8,,,,,,3,,,,,,16,,,,,,,1,,,1,,2,,,,,,36,,,,,,77,,,118,,,0,,,11,,,,,,3,,,,,,38,,,,,,,,,,,,24,,,,,,,,,,,,39,,,81,,,0,,
,26654,23759,3664,1,1670,,,16,,,BL-1670-16-recto,,,5,,,April,,,12,,,April,,,,,,,,,3,,,,,,,,,,,,,,,,,,,,,,,,,,,,,,,,,,,,,,,,,,2,,,,,,1,,,,,,,,,,,,1,,,,,,1,,,,,,,,,,,,,,,,,,,,,,,,,,,,,,,,,,,,1,,,,,,,,,,,,,,,,,,,,,,,,,,,,,,,,,,,,,,,,,,,,,,,,,,,,,,2,,,,,,,,,,,,1,,,,,,1,,,,,,,,,,,,,,,,,,,,,,,,1,,,,,,2,,,,,,,,,,,,,,,,,,,,,,,,,,,,,,,,,,,,,,,,,,1,,,,,,1,,,,,,,,,,,,,,,,,,,,,,,,2,,,,,,,,,,,,,,,,,,,,,,,,,,,,,,1,,,,,,,,,,,,,,,,,,,,,,,,,,,,,,,,,,,,,,,,,,,,,,,,1,,,,,,1,,,,,,,,,,,,,,,,,,,,,,,,,,,,,,1,,,,,,,,,,,,,,,,,,,,,,,,,,,,,,,,,,,,,,,,,,,,,,,,2,,,,,,1,,,,,,,,,,,,,,,,,,,,,,,,,,,,,,,,,,,,,,,,,,1,,,,,,,,,,,,3,,,,,,,,,,,,,,,,,,,,,,,,,,,,,,,,,,,,,,,,,,,,,,,,2,,,,,,,,,,,,,,,,,,,,,,,,,,,,,,14,,,33,,,0,,,21,,,,,,1,,,,,,,,,,,,1,,,,,,,,,,,,5,,,,,,17,,,,,,8,,,,,,,1,,,1,,4,,,,,,10,,,,,,36,,,,,,28,,,,,,26,,,,,,12,,,,,,1,,,,,,2,,,,,,,,,,,,84,,,172,,,0,,,22,,,,,,3,,,,,,10,,,,,,11,,,,,,5,,,,,,15,,,,,,7,,,,,,8,,,,,,3,,,,,,27,,,,,,,1,,,1,,3,,,,,,39,,,,,,93,,,153,,,0,,,19,,,,,,6,,,,,,35,,,,,,2,,,,,,25,,,,,,,,,,,,50,,,87,,,0,,
,26655,23760,3728,1,1670,,,17,,,BL-1670-17-recto,,,12,,,April,,,19,,,April,,,,,,,,,1,,,,,,,,,,,,1,,,,,,,,,,,,,,,,,,,,,,,,1,,,,,,,,,,,,,,,,,,,,,,,,,,,,,,,,,,,,,,,,,,,,,,,,,,,,,,,,,,,,1,,,,,,,,,,,,,,,,,,,,,,,,,,,,,,,,,,,,1,,,,,,,,,,,,,,,,,,,,,,,,1,,,,,,1,,,,,,,,,,,,,,,,,,1,,,,,,,,,,,,,,,,,,,,,,,,,,,,,,1,,,,,,,,,,,,,,,,,,,,,,,,,,,,,,,,,,,,4,,,,,,,,,,,,,,,,,,,,,,,,,,,,,,1,,,,,,1,,,,,,,,,,,,,,,,,,,,,,,,,,,,,,,,,,,,,,,,,,,,,,,,,,,,,,,,,,,,,,,,,,,,,,,,,,,,,,,,,,,,,,,,,,1,,,,,,,,,,,,,,,,,,,,,,,,1,,,,,,,,,,,,,,,,,,,,,,,,1,,,,,,,,,,,,,,,,,,1,,,,,,,,,,,,,,,,,,,,,,,,,,,,,,,,,,,,1,,,,,,,,,,,,,,,,,,,,,,,,1,,,,,,,,,,,,,,,,,,,,,,,,,,,,,,1,,,,,,,,,,,,,,,,,,2,,,,,,1,,,,,,,,,,,,1,,,,,,,,,,,,8,,,26,,,0,,,15,,,,,,2,,,,,,1,,,,,,3,,,,,,1,,,,,,3,,,,,,15,,,,,,10,,,,,,,1,,,1,,4,,,,,,7,,,,,,39,,,,,,20,,,,,,14,,,,,,15,,,,,,3,,,,,,,,,,,,,,,,,,79,,,152,,,0,,,27,,,,,,1,,,,,,5,,,,,,6,,,,,,8,,,,,,4,,,,,,11,,,,,,12,,,,,,2,,,,,,20,,,,,,,1,,,1,,1,,,,,,42,,,,,,82,,,139,,,0,,,6,,,,,,3,,,,,,29,,,,,,3,,,,,,16,,,,,,,,,,,,41,,,57,,,0,,
,26656,23761,3729,1,1670,,,18,,,BL-1670-18-recto,,,19,,,April,,,26,,,April,,,1,,,,,,1,,,,,,,,,,,,,,,,,,,,,,,,,,,,,,,,,,,,,,,,,,,,,,,,,,,,,,,,,,,,,,,,,,1,,,,,,3,,,,,,1,,,,,,,,,,,,,,,,,,,,,,,,1,,,,,,1,,,,,,,,,,,,,,,,,,,,,,,,1,,,,,,,,,,,,,,,,,,,,,,,,1,,,,,,,,,,,,1,,,,,,,,,,,,2,,,,,,,,,,,,1,,,,,,,,,,,,,,,,,,2,,,,,,,,,,,,,,,,,,,,,,,,,,,,,,1,,,,,,,,,,,,1,,,,,,,,,,,,,,,,,,,,,,,,1,,,,,,,,,,,,,,,,,,,,,,,,,,,,,,,,,,,,,,,,,,1,,,,,,,,,,,,,,,,,,,,,,,,,,,,,,,,,,,,,,,,,,,,,,,,,,,,,,,,,,,,,,,,,,1,,,,,,,,,,,,1,,,,,,,,,,,,,,,,,,,,,,,,,,,,,,,,,,,,1,,,,,,,,,,,,4,,,,,,,,,,,,,,,,,,,,,,,,,,,,,,2,,,,,,,,,,,,,,,,,,,,,,,,4,,,,,,,,,,,,,,,,,,,,,,,,,,,,,,1,,,,,,,,,,,,1,,,,,,1,,,,,,,,,,,,,,,,,,,,,,,,,,,,,,13,,,37,,,0,,,25,,,,,,2,,,,,,,,,,,,5,,,,,,,,,,,,7,,,,,,12,,,,,,11,,,,,,,1,,,1,,5,,,,,,4,,,,,,28,,,,,,15,,,,,,29,,,,,,10,,,,,,2,,,,,,1,,,,,,,,,,,,101,,,156,,,0,,,29,,,,,,1,,,,,,5,,,,,,8,,,,,,5,,,,,,13,,,,,,10,,,,,,12,,,,,,3,,,,,,17,,,,,,,1,,,1,,3,,,,,,33,,,,,,79,,,139,,,0,,,9,,,,,,2,,,,,,36,,,,,,3,,,,,,26,,,,,,,,,,,,53,,,76,,,0,,
,26657,23762,3730,1,1670,,,19,,,BL-1670-19-recto,,,26,,,April,,,3,,,May,,,1,,,,,,1,,,,,,,,,,,,,,,,,,,,,,,,,,,,,,,,,,,,,,,,,,2,,,,,,,,,,,,,,,,,,2,,,,,,1,,,,,,,,,,,,,,,,,,,,,,,,,,,,,,,,,,,,,,,,,,,,,,,,,,,,,,,,,,,,,,,,,,,,,,,,,,,,,,,,,,,,,,,,,,3,,,,,,1,,,,,,1,,,,,,,,,,,,2,,,,,,,,,,,,,,,,,,,,,,,,1,,,,,,,,,,,,,,,,,,,,,,,,,,,,,,,,,,,,,,,,,,1,,,,,,1,,,,,,,,,,,,,,,,,,,,,,,,,,,,,,,,,,,,,,,,,,,,,,,,,,,,,,,,,,,,1,,,,,,,,,,,,,,,,,,,,,,,,,,,,,,,,,,,,,,,,,,,,,,,,,,,,,,,,,,,,,,,,,,,,,,,,,,,,,,,,,,,,,,,,,,,,,,,,,,,,,,,,,,,,1,,,,,,2,,,,,,,,,,,,,,,,,,,,,,,,,,,,,,,,,,,,,,,,,,,,,,,,,,,,,,,,,,,,,,,,,,,,,,,,,,,,,,,,,,,,,,,,,,,,,,,,,,,,,,,,,,,,,,,,,,,,,,,,,,,,,,,,,,,,,,,,,,,,,,,,,,,,,,13,,,21,,,0,,,15,,,,,,1,,,,,,1,,,,,,2,,,,,,,,,,,,7,,,,,,9,,,,,,9,,,,,,,1,,,1,,4,,,,,,4,,,,,,24,,,,,,16,,,,,,10,,,,,,12,,,,,,,,,,,,,,,,,,,,,,,,80,,,114,,,0,,,20,,,,,,2,,,,,,6,,,,,,7,,,,,,6,,,,,,7,,,,,,9,,,,,,6,,,,,,,,,,,,14,,,,,,,1,,,1,,3,,,,,,37,,,,,,61,,,117,,,0,,,15,,,,,,3,,,,,,25,,,,,,2,,,,,,18,,,,,,,,,,,,44,,,63,,,0,,
,26658,23763,3731,1,1670,,,20,,,BL-1670-20-recto,,,3,,,May,,,10,,,May,,,,,,,,,2,,,,,,,,,,,,,,,,,,,,,,,,,,,,,,,,,,,,,,,,,,3,,,,,,,,,,,,,,,,,,1,,,,,,1,,,,,,,,,,,,1,,,,,,,,,,,,1,,,,,,,,,,,,,,,,,,1,,,,,,,,,,,,,,,,,,,,,,,,,,,,,,,,,,,,,,,,,,,,,,,,1,,,,,,,,,,,,,,,,,,,,,,,,1,,,,,,,,,,,,,,,,,,,,,,,,1,,,,,,,,,,,,,,,,,,,,,,,,,,,,,,,,,,,,1,,,,,,3,,,,,,,,,,,,,,,,,,,,,,,,,,,,,,1,,,,,,,,,,,,,,,,,,,,,,,,,,,,,,,,,,,,,,,,,,1,,,,,,,,,,,,,,,,,,,,,,,,,,,,,,,,,,,,1,,,,,,,,,,,,,,,,,,,,,,,,,,,,,,,,,,,,,,,,,,1,,,,,,,,,,,,1,,,,,,,,,,,,,,,,,,,,,,,,,,,,,,1,,,,,,,,,,,,,,,,,,,,,,,,1,,,,,,,,,,,,,,,,,,,,,,,,,,,,,,,,,,,,,,,,,,,,,,,,,,,,,,,,,,,,,,,,,,1,,,,,,,,,,,,1,,,,,,1,,,,,,,,,,,,,,,,,,,,,,,,,,,,,,14,,,27,,,0,,,18,,,,,,2,,,,,,2,,,,,,1,,,,,,,,,,,,5,,,,,,14,,,,,,8,,,,,,,1,,,1,,7,,,,,,5,,,,,,37,,,,,,20,,,,,,14,,,,,,15,,,,,,,,,,,,,,,,,,,,,,,,93,,,148,,,0,,,20,,,,,,3,,,,,,7,,,,,,6,,,,,,11,,,,,,14,,,,,,6,,,,,,6,,,,,,5,,,,,,12,,,,,,,1,,,1,,,,,,,,45,,,,,,84,,,135,,,0,,,12,,,,,,1,,,,,,41,,,,,,6,,,,,,24,,,,,,,,,,,,53,,,84,,,0,,
,26659,23764,3732,1,1670,,,21,,,BL-1670-21-recto,,,10,,,May,,,17,,,May,,,1,,,,,,,,,,,,,,,,,,,,,,,,,,,,,,,,,,,,,,,,,,1,,,,,,,,,,,,2,,,,,,,,,,,,,,,,,,,,,,,,2,,,,,,,,,,,,,,,,,,,,,,,,2,,,,,,,,,,,,,,,,,,,,,,,,,,,,,,,,,,,,2,,,,,,,,,,,,,,,,,,,,,,,,,,,,,,,,,,,,,,,,,,,,,,,,,,,,,,,,,,,,,,,,,,,,,,,,2,,,,,,,,,,,,,,,,,,,,,,,,,,,,,,,,,,,,1,,,,,,3,,,,,,,,,,,,,,,,,,,,,,,,,,,,,,,,,,,,,,,,,,,,,,,,,,,,,,,,,,,,1,,,,,,,,,,,,,,,,,,,,,,,,,,,,,,,,,,,,,,,,,,,,,,,,,,,,,,,,,,,,,,,,,,1,,,,,,,,,,,,1,,,,,,,,,,,,1,,,,,,,,,,,,,,,,,,,,,,,,,,,,,,,,,,,,,,,,,,,,,,,,1,,,,,,,,,,,,,,,,,,,,,,,,1,,,,,,1,,,,,,,,,,,,,,,,,,,,,,,,,,,,,,,,,,,,,,,,,,,,,,,,1,,,,,,,,,,,,,,,,,,,,,,,,2,,,,,,1,,,,,,,,,,,,,,,,,,,,,,,,18,,,27,,,0,,,17,,,,,,2,,,,,,1,,,,,,6,,,,,,,,,,,,3,,,,,,6,,,,,,6,,,,,,,1,,,1,,6,,,,,,3,,,,,,26,,,,,,17,,,,,,12,,,,,,9,,,,,,,,,,,,,,,,,,,,,,,,89,,,114,,,0,,,29,,,,,,,,,,,,5,,,,,,4,,,,,,3,,,,,,11,,,,,,7,,,,,,2,,,,,,,,,,,,9,,,,,,,1,,,1,,1,,,,,,27,,,,,,70,,,98,,,0,,,9,,,,,,,,,,,,29,,,,,,,,,,,,21,,,,,,,,,,,,38,,,59,,,0,,
,26690,23765,3733,1,1670,,,22,,,BL-1670-22-recto,,,17,,,May,,,24,,,May,,,,,,,,,1,,,,,,,,,,,,2,,,,,,,,,,,,,,,,,,,,,,,,,,,,,,2,,,,,,,,,,,,,,,,,,1,,,,,,,,,,,,,,,,,,1,,,,,,,,,,,,,,,,,,1,,,,,,,,,,,,,,,,,,,,,,,,,,,,,,,,,,,,1,,,,,,,,,,,,,,,,,,1,,,,,,1,,,,,,1,,,,,,,,,,,,,,,,,,1,,,,,,,,,,,,,,,,,,1,,,,,,,,,,,,3,,,,,,,,,,,,,,,,,,,,,,,,,,,,,,,,,,,,4,,,,,,,,,,,,,,,,,,,,,,,,,,,,,,2,,,,,,1,,,,,,,,,,,,,,,,,,,,,,,,,,,,,,,,,,,,,,,,,,1,,,,,,,,,,,,,,,,,,,,,,,,,,,,,,,,,,,,,,,,,,,,,,,,,,,,,,,,,,,,,,,,,,,,,,,,,,,,,,1,,,,,,,,,,,,,,,,,,,,,,,,,,,,,,1,,,,,,,,,,,,2,,,,,,,,,,,,,,,,,,,,,,,,,,,,,,,,,,,,,,,,,,,,,,,,,,,,,,4,,,,,,1,,,,,,,,,,,,,,,,,,,,,,,,3,,,,,,,,,,,,,,,,,,1,,,,,,,,,,,,,,,,,,,,,,,,,,,,,,9,,,38,,,0,,,22,,,,,,1,,,,,,,,,,,,5,,,,,,,,,,,,1,,,,,,11,,,,,,10,,,,,,,1,,,1,,3,,,,,,7,,,,,,18,,,,,,17,,,,,,9,,,,,,25,,,,,,1,,,,,,,,,,,,,,,,,,81,,,130,,,0,,,20,,,,,,1,,,,,,11,,,,,,4,,,,,,5,,,,,,9,,,,,,7,,,,,,6,,,,,,,,,,,,17,,,,,,,1,,,1,,,,,,,,30,,,,,,54,,,110,,,0,,,10,,,,,,4,,,,,,21,,,,,,1,,,,,,18,,,,,,,,,,,,44,,,54,,,0,,
,26691,23766,3734,1,1670,,,23,,,BL-1670-23-recto,,,24,,,May,,,31,,,May,,,,,,,,,,,,,,,,,,,,,,,,,,,,,,,,,,,,,,,,,,,,,,,,,,,3,,,,,,2,,,,,,,,,,,,,,,,,,1,,,,,,1,,,,,,,,,,,,,,,,,,,,,,,,,,,,,,1,,,,,,,,,,,,,,,,,,,,,,,,,,,,,,2,,,,,,,,,,,,,,,,,,,,,,,,,,,,,,,,,,,,3,,,,,,,,,,,,2,,,,,,,,,,,,,,,,,,,,,,,,1,,,,,,2,,,,,,,,,,,,,,,,,,,,,,,,,,,,,,2,,,,,,,,,,,,,,,,,,,,,,,,,,,,,,,,,,,,1,,,,,,,,,,,,,,,,,,,,,,,,,,,,,,2,,,,,,,,,,,,,,,,,,,,,,,,,,,,,,,,,,,,,,,,,,,,,,,,,,,,,,,,,,,,,,,,,,1,,,,,,,,,,,,,,,,,,,,,,,,,,,,,,1,,,,,,,,,,,,,,,,,,,,,,,,,,,,,,,,,,,,,,,,,,,,,,,,,,,,,,,,,,,,1,,,,,,,,,,,,,,,,,,,,,,,,,,,,,,,,,,,,,,,,,,,,,,,,,,,,,,,,,,,,,,,,,,,,,,,,,,,,,,1,,,,,,3,,,,,,,,,,,,,,,,,,,,,,,,1,,,,,,15,,,31,,,0,,,18,,,,,,1,,,,,,,,,,,,5,,,,,,,,,,,,,,,,,,15,,,,,,12,,,,,,,1,,,1,,1,,,,,,6,,,,,,32,,,,,,20,,,,,,11,,,,,,12,,,,,,,,,,,,,,,,,,,,,,,,89,,,133,,,0,,,25,,,,,,1,,,,,,6,,,,,,4,,,,,,4,,,,,,6,,,,,,5,,,,,,9,,,,,,2,,,,,,21,,,,,,,1,,,1,,2,,,,,,33,,,,,,80,,,118,,,0,,,9,,,,,,3,,,,,,15,,,,,,2,,,,,,16,,,,,,,,,,,,36,,,55,,,0,,
,26692,23767,3735,1,1670,,,24,,,BL-1670-24-recto,,,31,,,May,,,7,,,June,,,,,,,,,1,,,,,,,,,,,,,,,,,,,,,,,,1,,,,,,,,,,,,1,,,,,,,,,,,,,,,,,,,,,,,,,,,,,,,,,,,,,,,,,,,,,,,,,,,,,,,,,,,,,,,,,,1,,,,,,,,,,,,,,,,,,,,,,,,,,,,,,1,,,,,,,,,,,,,,,,,,,,,,,,,,,,,,,,,,,,,,,,,,,,,,,,,,,,,,,,,,,,,,,,,,,,,,,,,,,,,,2,,,,,,,,,,,,,,,,,,,,,,,,,,,,,,1,,,,,,1,,,,,,,,,,,,,,,,,,,,,,,,,,,,,,,,,,,,,,,,,,,,,,,,1,,,,,,,,,,,,,,,,,,,,,,,,,,,,,,,,,,,,,,,,,,1,,,,,,,,,,,,,,,,,,1,,,,,,,,,,,,,,,,,,,,,,,,,,,,,,,,,,,,,,,,,,,,,,,,,,,,,,,,,,,,,,,,,,,,,,,,,,,,,,,,,,,,,,,,,,,,,,,,,,,,,,,,,,,,1,,,,,,,,,,,,1,,,,,,,,,,,,,,,,,,,,,,,,,,,,,,1,,,,,,,,,,,,,,,,,,,,,,,,,,,,,,,,,,,,,,,,,,,,,,,,,,,,,,,,,,,,,,,,,,,,,,,,14,,,15,,,0,,,20,,,,,,,,,,,,,,,,,,2,,,,,,,,,,,,3,,,,,,20,,,,,,7,,,,,,,1,,,1,,1,,,,,,4,,,,,,23,,,,,,23,,,,,,15,,,,,,12,,,,,,1,,,,,,,,,,,,,,,,,,93,,,131,,,0,,,19,,,,,,1,,,,,,6,,,,,,4,,,,,,4,,,,,,4,,,,,,7,,,,,,4,,,,,,1,,,,,,15,,,,,,,1,,,1,,,,,,,,31,,,,,,69,,,96,,,0,,,11,,,,,,7,,,,,,33,,,,,,2,,,,,,21,,,,,,,,,,,,46,,,74,,,0,,
,26693,23768,3736,1,1670,,,25,,,BL-1670-25-recto,,,7,,,June,,,14,,,June,,,,,,,,,1,,,,,,,,,,,,,,,,,,,,,,,,,,,,,,,,,,,,1,,,,,,2,,,,,,1,,,,,,,,,,,,1,,,,,,,,,,,,,,,,,,,,,,,,,,,,,,,,,,,,1,,,,,,1,,,,,,,,,,,,1,,,,,,1,,,,,,,,,,,,,,,,,,,,,,,,,,,,,,,,,,,,2,,,,,,2,,,,,,,,,,,,,,,,,,,,,,,,,,,,,,,,,,,,,,,,,,1,,,,,,1,,,,,,1,,,,,,,,,,,,,,,,,,,,,,,,1,,,,,,,,,,,,,,,,,,,,,,,,1,,,,,,,,,,,,,,,,,,,,,,,,,,,,,,,,,,,,1,,,,,,,,,,,,,,,,,,1,,,,,,,,,,,,,,,,,,,,,,,,,,,,,,,,,,,,,,,,,,,,,,,,2,,,,,,,,,,,,,,,,,,,,,,,,,,,,,,,,,,,,1,,,,,,,,,,,,,,,,,,,,,,,,,,,,,,2,,,,,,,,,,,,,,,,,,,,,,,,,,,,,,,,,,,,,,,,,,,,,,,,,,,,,,,,,,,,,,,,,,1,,,,,,,,,,,,,,,,,,,,,,,,,,,,,,1,,,,,,,,,,,,1,,,,,,,,,,,,,,,,,,,,,,,,,,,,,,1,,,,,,11,,,30,,,0,,,12,,,,,,1,,,,,,1,,,,,,4,,,,,,,,,,,,,,,,,,18,,,,,,11,,,,,,,1,,,1,,9,,,,,,4,,,,,,14,,,,,,23,,,,,,16,,,,,,6,,,,,,,,,,,,,,,,,,,,,,,,81,,,119,,,0,,,24,,,,,,2,,,,,,7,,,,,,2,,,,,,6,,,,,,14,,,,,,8,,,,,,5,,,,,,2,,,,,,13,,,,,,,1,,,1,,3,,,,,,34,,,,,,69,,,120,,,0,,,11,,,,,,,,,,,,30,,,,,,,,,,,,22,,,,,,,,,,,,23,,,63,,,0,,
,26694,23769,3737,1,1670,,,26,,,BL-1670-26-recto,,,14,,,June,,,21,,,June,,,,,,,,,4,,,,,,,,,,,,,,,,,,,,,,,,,,,,,,,,,,,,,,,,,,,,,,,,,,,,,,,,,,,,1,,,,,,1,,,,,,1,,,,,,,,,,,,,,,,,,,,,,,,,,,,,,,,,,,,,,,,,,1,,,,,,,,,,,,,,,,,,,,,,,,1,,,,,,,,,,,,,,,,,,2,,,,,,,,,,,,1,,,,,,,,,,,,,,,,,,,,,,,,,,,,,,,,,,,,,,,,,,,,,,,,,,,,,,,,,,,,,,,,,,,,,,,,1,,,,,,,,,,,,1,,,,,,,,,,,,,,,,,,,,,,,,,,,,,,2,,,,,,,,,,,,,,,,,,1,,,,,,,,,,,,,,,,,,,,,,,,1,,,,,,,,,,,,,,,,,,,,,,,,,,,,,,,,,,,,,,,,,,,,,,,,2,,,,,,,,,,,,,,,,,,,,,,,,,,,,,,2,,,,,,,,,,,,,,,,,,,,,,,,,,,,,,,,,,,,,,,,,,,,,,,,,,,,,,,,,,,,,,,,,,,,,,,,,,,,,,,,,,,,,,,,,,,,,,,,,,,,,,,,,,,,,,,,,,,,,,,,,,,,,,,,,,,,,,,,,,,,,,,,1,,,,,,,,,,,,,,,,,,,,,,,,,,,,,,9,,,23,,,0,,,15,,,,,,,,,,,,,,,,,,6,,,,,,1,,,,,,2,,,,,,12,,,,,,8,,,,,,,1,,,1,,4,,,,,,3,,,,,,25,,,,,,21,,,,,,14,,,,,,9,,,,,,,,,,,,1,,,,,,,,,,,,63,,,121,,,0,,,19,,,,,,3,,,,,,6,,,,,,3,,,,,,16,,,,,,12,,,,,,6,,,,,,12,,,,,,5,,,,,,10,,,,,,,1,,,1,,3,,,,,,27,,,,,,64,,,112,,,0,,,8,,,,,,3,,,,,,24,,,,,,1,,,,,,23,,,,,,,,,,,,32,,,59,,,0,,
,26695,23770,3723,1,1670,,,27,,,BL-1670-27-recto,,,21,,,June,,,28,,,June,,,,,,,,,,,,,,,,,,,,,,,,,,,,,,,,,,,,,,,,,,,,,1,,,,,,,,,,,,,,,,,,,,,,,,,,,,,,1,,,,,,,,,,,,1,,,,,,,,,,,,,,,,,,,,,,,,1,,,,,,,,,,,,1,,,,,,,,,,,,,,,,,,2,,,,,,,,,,,,,,,,,,,,,,,,,,,,,,,,,,,,,,,,,,,,,,,,,,,,,,,,,,,,,,,,,,,,,,,,,,,,,,2,,,,,,,,,,,,,,,,,,,,,,,,,,,,,,1,,,,,,1,,,,,,,,,,,,,,,,,,,,,,,,,,,,,,,,,,,,,,,,,,,,,,,,,,,,,,,,,,,,,,,,,,1,,,,,,,,,,,,1,,,,,,,,,,,,1,,,,,,,,,,,,,,,,,,,,,,,,,,,,,,,,,,,,2,,,,,,,,,,,,,,,,,,1,,,,,,1,,,,,,,,,,,,,,,,,,,,,,,,,,,,,,,,,,,,,,,,,,2,,,,,,2,,,,,,,,,,,,,,,,,,,,,,,,,,,,,,,,,,,,,,,,,,,,,,,,,,,,,,,,,,,,,,,,,,,,,,,,,,,,,,,,,,,,,,,,,,,,,,,,,,,,,,1,,,,,,,,,,,,,,,,,,,,,,,,,,,,,,10,,,21,,,0,,,16,,,,,,1,,,,,,,,,,,,,,,,,,1,,,,,,1,,,,,,20,,,,,,11,,,,,,,1,,,1,,3,,,,,,3,,,,,,13,,,,,,17,,,,,,10,,,,,,12,,,,,,,,,,,,1,,,,,,,,,,,,67,,,109,,,0,,,19,,,,,,,,,,,,7,,,,,,6,,,,,,10,,,,,,7,,,,,,7,,,,,,1,,,,,,3,,,,,,21,,,,,,,1,,,1,,4,,,,,,26,,,,,,61,,1,111,,,0,,,8,,,,,,7,,,,,,25,,,,,,2,,,,,,15,,,,,,,,,,,,32,,,57,,,0,,
,26696,23771,3724,1,1670,,,28,,,BL-1670-28-recto,,,28,,,June,,,5,,,July,,,1,,,,,,2,,,,,,,,,,,,,,,,,,,,,,,,,,,,,,,,,,,,,,,,,,1,,,,,,1,,,,,,,,,,,,,,,,,,1,,,,,,,,,,,,1,,,,,,,,,,,,,,,,,,,,,,,,,,,,,,1,,,,,,,,,,,,,,,,,,,,,,,,2,,,,,,,,,,,,,,,,,,1,,,,,,1,,,,,,,,,,,,,,,,,,,,,,,,,,,,,,,,,,,,,,,,,,,,,,,,1,,,,,,1,,,,,,,,,,,,,,,,,,,,,,,,,,,,,,1,,,,,,,,,,,,,,,,,,,,,,,,,,,,,,,,,,,,,,,,,,,,,,,,,,,,,,,,,,,,,,,,,,,,,,,,,,,,,,,,,,,,,,,,,,1,,,,,,,,,,,,,,,,,,,,,,,,,,,,,,,,,,,,,,,,,,,,,,,,,,,,,,1,,,,,,,,,,,,,,,,,,1,,,,,,,,,,,,,,,,,,,,,,,,,,,,,,2,,,,,,,,,,,,1,,,,,,,,,,,,,,,,,,,,,,,,,,,,,,1,,,,,,,,,,,,,,,,,,,,,,,,2,,,,,,,,,,,,,,,,,,,,,,,,,,,,,,,,,,,,,,,,,,,,,,,,,,,,,,,,,,,,,,,,,,,,,,,,1,,,,,,9,,,25,,,0,,,19,,,,,,,,,,,,,,,,,,9,,,,,,,,,,,,1,,,,,,7,,,,,,6,,,,,,,1,,,1,,8,,,,,,3,,,,,,27,,,,,,24,,,,,,19,,,,,,18,,,,,,1,,,,,,,,,,,,,,,,,,79,,,142,,,0,,,19,,,,,,3,,,,,,2,,,,,,3,,,,,,4,,,,,,9,,,,,,3,,,,,,2,,,,,,1,,,,,,24,,,,,,,1,,,1,,1,,,,,,24,,,,,,58,,,95,,,0,,,4,,,,,,,,,,,,27,,,,,,2,,,,,,23,,1,,,,,,,,,,40,,,56,,1,0,,
,26697,23772,3725,1,1670,,,29,,,BL-1670-29-recto,,,5,,,July,,,12,,,July,,,,,,,,,1,,,,,,,,,,,,,,,,,,,,,,,,1,,,,,,,,,,,,,,,,,,3,,,,,,,,,,,,,,,,,,,,,,,,1,,,,,,,,,,,,,,,,,,,,,,,,,,,,,,,,,,,,,,,,,,,,,,,,,,,,,,,,,,,,,,,,,,,,,,,,,,,,,,,,,,,,2,,,,,,2,,,,,,,,,,,,,,,,,,,,,,,,1,,,,,,,,,,,,,,,,,,1,,,,,,,,,,,,2,,,,,,,,,,,,,,,,,,,,,,,,,,,,,,,,,,,,1,,,,,,,,,,,,,,,,,,,,,,,,,,,,,,,,,,,,1,,,,,,,,,,,,,,,,,,,,,,,,,,,,,,,,,,,,,,,,,,,,,,,,,,,,,,,,,,,,,,,,,,,,,,,,,,,,,,,,,,,,,,,,,,,,,,,,,,,,,,,,,,,,,,,,,,,,,,,,1,,,,,,,,,,,,,,,,,,,,,,,,,,,,,,,,,,,,,,,,,,2,,1,,,,,,,,,,,,,,,,1,,,,,,,,,,,,,,,,,,,,,,,,,,,,,,,,,,,,,,,,,,,,,,,,,,,,,,,,,,,,,,,,,,1,,,,,,,,,,,,,,,,,,2,,,,,,1,,,,,,,,,,,,,,,,,,,,,,,,14,,,24,,,0,,,15,,,,,,3,,,,,,1,,,,,,4,,,,,,,,,,,,6,,,,,,16,,,,,,10,,,,,,,1,,,1,,3,,,,,,2,,,,,,27,,1,,,,13,,,,,,8,,,,,,11,,,,,,3,,,,,,,,,,,,,,,,,,66,,,122,,,0,,,15,,,,,,3,,,,,,10,,,,,,11,,,,,,2,,,,,,13,,,,,,5,,,,,,2,,,,,,2,,,,,,21,,,,,,,1,,,1,,3,,,,,,29,,1,,,,70,,,16,,1,0,,,6,,,,,,3,,,,,,29,,,,,,3,,1,,,,17,,,,,,,,,,,,39,,,58,,,0,,
,26698,23773,3726,1,1670,,,30,,,BL-1670-30-recto,,,12,,,July,,,19,,,July,,,,,,,,,,,,,,,,,,,,,,,,,,,,,,,,,1,,,,,,,,,,,,,,,,,,2,,,,,,,,,,,,,,,,,,,,,,,,,,,,,,,,,,,,,,,,,,,,,,,,,,,,,,,,,,,,,,,,,,,,,,,,1,,,,,,,,,,,,,,,,,,1,,,,,,,,,,,,,,,,,,,,,,,,,,,,,,1,,,,,,1,,,,,,,,,,,,,,,,,,,,,,,,2,,,,,,,,,,,,1,,,,,,,,,,,,,,,,,,,,,,,,,,,,,,,,,,,,3,,,,,,,,,,,,1,,,,,,,,,,,,,,,,,,,,,,,,,,,,,,,,,,,,,,,,,,,,,,,,,,,,,,,,,,,,,,,,,,1,,,,,,,,,,,,,,,,,,,,,,,,,,,,,,,,,,,,1,,,,,,,,,,,,,,,,,,,,,,,,,,,,,,,,,,,,,,,,,,,,,,,,,,,,,,,,,,,,,,,,,,,,,,,,,,,,,,1,,,,,,,,,,,,,,,,,,,,,,,,,,,,,,,,,,,,,,,,,,,,,,,,,,,,,,1,,,,,,,,,,,,1,,,,,,,,,,,,,,,,,,,,,,,,,,,,,,1,,,,,,,,,,,,,,,,,,3,,,,,,,,,,,,,,,,,,,,,,,,,,,,,,14,,,23,,,0,,,21,,,,,,,,,,,,1,,,,,,4,,,,,,,,,,,,3,,,,,,8,,,,,,13,,,,,,,1,,,1,,6,,,,,,1,,,,,,23,,,,,,20,,,,,,15,,,,,,12,,,,,,2,,,,,,1,,,,,,,,,,,,99,,,130,,,0,,,23,,,,,,,,,,,,9,,,,,,7,,,,,,5,,,,,,19,,,,,,8,,,,,,4,,,,,,2,,,,,,22,,,,,,,1,,,1,,,,,,,,46,,,,,,69,,,145,,,0,,,4,,,,,,3,,,,,,26,,,,,,3,,,,,,17,,,,,,,,,,,,38,,,53,,,0,,
,26699,23774,3727,1,1670,,,31,,,BL-1670-31-recto,,,19,,,July,,,26,,,July,,,,,,,,,2,,,,,,,,,,,,1,,,,,,,,,,,,,,,,,,,,,,,,,,,,,,2,,,,,,2,,,,,,,,,,,,1,,,,,,,,,,,,,,,,,,1,,,,,,,,,,,,,,,,,,5,,,,,,,,,,,,,,,,,,,,,,,,,,,,,,,,,,,,2,,,,,,,,,,,,,,,,,,,,,,,,1,,,,,,,,,,,,,,,,,,,,,,,,,,,,,,,,,,,,,,,,,,,,,,,,,,,,,,,,,,,,,,,,,,,,,,,,,,,,,,,,,,,,1,,,,,,,,,,,,,,,,,,,,,,,,,,,,,,,,,,,,,,,,,,,,,,,,,,,,,,,,,,,,,,,,,,1,,,,,,1,,,,,,1,,,,,,,,,,,,,,,,,,,,,,,,,,,,,,,,,,,,,,,,,,,,,,,,,,,,,,,,,,,,,,,,,,,,,,,,,,,,,,,,,,,,1,,,,,,,,,,,,,,,,,,,,,,,,,,,,,,1,,,,,,,,,,,,,,,,,,,,,,,,,,,,,,,,,,,,,,,,,,,,,,,,,,,,,,,,,,,,,,,,,,1,,,,,,1,,,,,,,,,,,,,,,,,,,,,,,,,,,,,,,,,,,,1,,,,,,2,,,,,,,,,,,,1,,,,,,,,,,,,,,,,,,18,,,19,,,0,,,21,,,,,,3,,,,,,,,,,,,3,,,,,,,,,,,,3,,,,,,11,,,,,,10,,,,,,,1,,,1,,10,,,,,,7,,,,,,37,,,,,,21,,,,,,9,,,,,,13,,,,,,,,,,,,,,,,,,,,,,,,88,,,148,,,0,,,23,,,,,,3,,,,,,11,,,,,,1,,,,,,5,,,,,,13,,,,,,14,,,,,,5,,,,,,1,,,,,,22,,,,,,,1,,,1,,3,,,,,,37,,,,,,75,,,138,,1,0,,,10,,,,,,3,,,,,,16,,,,,,1,,,,,,17,,,,,,,,,,,,31,,,57,,,0,,
,26730,23775,3060,1,1670,,,32,,,BL-1670-32-recto,,,26,,,July,,,2,,,August,,,,,,,,,3,,,,,,,,,,,,,,,,,,,,,,,,1,,,,,,,,,,,,,,,,,,2,,,,,,2,,,,,,,,,,,,2,,,,,,2,,,,,,4,,,,,,,,,,,,,,,,,,,,,,,,1,,,,,,,,,,,,,,,,,,,,,,,,,,,,,,,,,,,,2,,,,,,,,,,,,,,,,,,,,,,,,3,,,,,,,,,,,,,,,,,,,,,,,,,,,,,,,,,,,,,,,,,,1,,,,,,1,,,,,,3,,,,,,,,,,,,,,,,,,,,,,,,,,,,,,1,,,,,,1,,,,,,,,,,,,1,,,,,,,,,,,,,,,,,,1,,,,,,,,,,,,,,,,,,,,,,,,1,,,,,,2,,,,,,1,,,,,,,,,,,,,,,,,,,,,,,,,,,,,,,,,,,,,,,,,,,,,,,,,,,,,,,,,,,,1,,,,,,,,,,,,,,,,,,,,,,,,,,,,,,1,,,,,,,,,,,,,,,,,,,,,,,,,,,,,,,,,,,,,,,,,,2,,,,,,,,,,,,,,,,,,,,,,,,,,,,,,,,,,,,,,,,,,,,,,,,,,,,,,2,,,,,,,,,,,,,,,,,,,,,,,,,,,,,,,,,,,,,,,,,,,,,,,,1,,,,,,,,,,,,,,,,,,,,,,,,1,,,,,,10,,,43,,,0,,,35,,,,,,2,,,,,,1,,,,,,3,,,,,,1,,,,,,5,,,,,,17,,,,,,12,,,,,,,1,,,1,,5,,,,,,6,,,,,,44,,,,,,17,,,,,,18,,,,,,22,,,,,,1,,,,,,,,,,,,,,,,,,101,,,189,,,0,,,32,,,,,,2,,,,,,11,,,,,,4,,,,,,6,,,,,,18,,,,,,9,,,,,,7,,,,,,3,,,,,,18,,,,,,,1,,,1,,2,,,,,,40,,,,,,87,,,189,,,0,,,14,,,,,,2,,,,,,31,,,,,,1,,,,,,38,,,,,,,,,,,,57,,,86,,,0,,
,26731,23776,3061,1,1670,,,33,,,BL-1670-33-recto,,,2,,,August,,,9,,,August,,,2,,,,,,,,,,,,,,,,,,3,,,,,,,,,,,,,,,,,,,,,,,,1,,,,,,1,,,,,,,,,,,,,,,,,,1,,,,,,1,,,,,,2,,,,,,,,,,,,,,,,,,,,,,,,,,,,,,,,,,,,1,,,,,,1,,,,,,,,,,,,,,,,,,1,,,,,,,,,,,,,,,,,,1,,,,,,,,,,,,,,,,,,,,,,,,,,,,,,1,,,,,,,,,,,,,,,,,,2,,,,,,1,,,,,,,,,,,,,,,,,,,,,,,,,,,,,,,,,,,,,,,,,,2,,,,,,1,,,,,,,,,,,,,,,,,,,,,,,,,,,,,,1,,,,,,,,,,,,,,,,,,1,,,,,,,,,,,,,,,,,,,,,,,,,,,,,,,,,,,,,,,,,,4,,,,,,,,,,,,1,,,,,,,,,,,,,,,,,,,,,,,,,,,,,,1,,,,,,2,,,,,,2,,,,,,,,,,,,,,,,,,,,,,,,,,,,,,1,,,,,,1,,,,,,,,,,,,3,,,,,,,,,,,,,,,,,,,,,,,,,,,,,,,,,,,,1,,,,,,,,,,,,,,,,,,,,,,,,,,,,,,,,,,,,,,,,,,1,,,,,,,,,,,,,,,,,,1,,,,,,1,,,,,,,,,,,,2,,,,,,,,,,,,,,,,,,16,,,45,,,0,,,35,,,,,,3,,,,,,,,,,,,4,,,,,,1,,,,,,5,,,,,,20,,,,,,10,,,,,,,1,,,1,,6,,,,,,3,,,,,,50,,,,,,16,,,,,,16,,,,,,21,,,,,,,,,,,,,,,,,,,,,,,,87,,,190,,,0,,,44,,,,,,1,,,,,,9,,,,,,5,,,,,,7,,,,,,13,,,,,,12,,,,,,10,,,,,,4,,,,,,22,,,,,,,1,,,1,,3,,,,,,44,,,,,,74,,,174,,,0,,,14,,,,,,3,,,,,,33,,,,,,2,,,,,,24,,,,,,,,,,,,40,,,76,,,0,,
,26732,23777,3062,1,1670,,,34,,,BL-1670-34-recto,,,9,,,August,,,16,,,August,,,,,,,,,4,,,,,,,,,,,,,,,,,,,,,,,,,,,,,,,,,,,,,,,,,,6,,,,,,1,,,,,,,,,,,,2,,,,,,,,,,,,1,,,,,,2,,,,,,1,,,,,,,,,,,,2,,,,,,,,,,,,1,,,,,,,,,,,,,,,,,,,,,,,,1,,,,,,,,,,,,,,,,,,,,,,,,3,,,,,,1,,,,,,1,,,,,,,,,,,,,,,,,,,,,,,,,,,,,,,,,,,,,,,,,,,,,,,,,,,,,,,,,,,,,,,,,,,,,,,,,,,,,,3,,,,,,2,,,,,,,,,,,,,,,,,,,,,,,,1,,,,,,2,,,,,,,,,,,,1,,,,,,,,,,,,1,,,,,,2,,,,,,,,,,,,,,,,,,,,,,,,,,1,,,,,,,,,,,,,,,,1,,,,,,,,,,,,,,,,,,1,,,,,,,,,,,,,,,,,,1,,,,,,1,,,,,,,,,,,,,,,,,,,,,,,,,,,,,,,,,,,,,,,,,,1,,,,,,1,,,,,,,,,,,,,,,,,,,,,,,,,,,,,,,,,,,,,,,,,,1,,,,,,,,,,,,1,,,,,,,,,,,,,,,,,,,,,,,,,,,,,,2,,,,,,,,,,,,1,,,,,,4,,,,,,,,,,,,,,,,,,1,,,,,,,,,,,,16,,,54,,,0,,,26,,,,,,4,,,,,,1,,,,,,8,,,,,,1,,,,,,6,,,,,,19,,,,,,16,,,,,,,1,,,1,,6,,,,,,4,,,,,,36,,,,,,16,,,,,,22,,,,,,30,,,,,,1,,,,,,1,,,,,,,,,,,,101,,,197,,,0,,,41,,,,,,5,,,,,,8,,,,,,11,,,,,,7,,,,,,11,,,,,,14,,,,,,12,,,,,,7,,,,,,26,,,,,,,1,,,1,,3,,,,,,50,,,,,,87,,,205,,,0,,,12,,,,,,7,,,,,,17,,,,,,2,,,,,,31,,,,,,,,,,,,44,,,99,,,0,,
,26733,23778,3063,1,1670,,,35,,,BL-1670-35-recto,,,16,,,August,,,23,,,August,,,,,,,,,2,,,,,,,,,,,,1,,,,,,,,,,,,,,,,,,,,,,,,2,,,,,,6,,,,,,1,,,,,,,,,,,,2,,,,,,1,,,,,,3,,,,,,1,,,,,,,,,,,,,,,,,,1,,,,,,,,,,,,,,,,,,4,,,,,,,,,,,,,,,,,,1,,,,,,,,,,,,,,,,,,,,,,,,2,,,,,,,,,,,,1,,,,,,1,,,,,,,,,,,,,,,,,,,,,,,,,,,,,,1,,,,,,1,,,,,,,,,,,,,,,,,,,,,,,,,,,,,,1,,,,,,3,,,,,,1,,,,,,,,,,,,,,,,,,,,,,,,1,,,,,,,,,,,,,,,,,,,,,,,,,,,,,,,,,,,,1,,,,,,,,,,,,,,,,,,,,,,,,,,,,,,,,,,,,,,,,,,2,,,,,,,,,,,,,,,,,,1,,,,,,,,,,,,,,,,,,,,,,,,1,,,,,,,,,,,,,,,,,,,,,,,,,,,,,,2,,,,,,,,,,,,3,,,,,,1,,,,,,,,,,,,,,,,,,,,,,,,1,,,,,,2,,,,,,1,,,,,,1,,,,,,,,,,,,,,,,,,,,,,,,,,,,,,,,,,,,,,,,,,,,,,,,,,,,,,,,,,,,2,,,,,,,,,,,,,,,,,,1,,,,,,1,,,,,,20,,,57,,,0,,,22,,,,,,3,,,,,,2,,,,,,3,,,,,,1,,,,,,5,,,,,,34,,,,,,16,,,,,,,1,,,1,,5,,,,,,20,,,,,,40,,,,,,24,,,,,,12,,,,,,22,,,,,,2,,,,,,,,,,,,,,,,,,98,,,211,,,0,,,32,,,,,,6,,,,,,15,,,,,,9,,,,,,12,,,,,,12,,,,,,20,,,,,,10,,,,,,6,,,,,,38,,,,,,,1,,,1,,2,,,,,,76,,,,,,80,,,238,,,0,,,15,,,,,,3,,,,,,54,,,,,,4,,,,,,27,,,,,,,,,,,,46,,,103,,,0,,
,26734,23779,3064,1,1670,,,36,,,BL-1670-36-recto,,,23,,,August,,,30,,,August,,,,,,,,,2,,,,,,,,,,,,,,,,,,,,,,,,,,,,,,,,,,,,3,,,,,,2,,,,,,2,,,,,,,,,,,,1,,,,,,,,,,,,1,,,,,,6,,,,,,,,,,,,1,,,,,,,,,,,,,,,,,,,,,,,,,,,,,,,,,,,,1,,,,,,3,,,,,,,,,,,,,,,,,,1,,,,,,2,,,,,,,,,,,,,,,,,,3,,,,,,3,,,,,,,,,,,,,,,,,,3,,,,,,1,,,,,,1,,,,,,,,,,,,,,1,,,,,,,,,,,,,,,,1,,,,,,5,,,,,,,,,,,,,,,,,,,,,,,,,,,,,,1,,,,,,,,,,,,,,,,,,,,,,,,,,,,,,1,,,,,,1,,,,,,,,,,,,,,,,,,,,,,,,,,,,,,1,,,,,,,,,,,,3,,,,,,,,,,,,,,,,,,,,,,,,,,,,,,,,,,,,1,,,,,,1,,,,,,,,,,,,,,,,,,,,,,,,1,,,,,,,,,,,,,,,,,,,,,,,,,,,,,,,,,,,,,,,,,,,,,,,,,,,,,,1,,,,,,,,,,,,1,,,,,,,,,,,,,,,,,,1,,,,,,,,,,,,,,,,,,,,,,,,2,,,,,,,,,,,,,,,,,,1,,,,,,,,,,,,1,,,,,,,,,,,,,,,,,,17,,,59,,,0,,,24,,,,,,2,,,,,,3,,,,,,5,,,,,,,,,,,,5,,,,,,30,,,,,,16,,,,,,,1,,,1,,11,,,,,,13,,,,,,50,,,,,,23,,,,,,31,,,,,,26,,,,,,,,,,,,,,,,,,,,,,,,89,,,239,,,0,,,26,,,,,,7,,,,,,17,,,,,,4,,,,,,14,,,,,,37,,,,,,14,,,,,,11,,,,,,5,,,,,,34,,,,,,,1,,,1,,6,,,,,,47,,,,,,87,,,222,,,0,,,10,,,,,,8,,,,,,51,,,,,,2,,,,,,38,,1,,,,,,,,,,36,,,109,,,0,,
,26735,23780,3065,1,1670,,,37,,,BL-1670-37-recto,,,30,,,August,,,6,,,September,,,1,,,,,,3,,,,,,1,,,,,,1,,,,,,,,,,,,2,,,,,,2,,,,,,,,,,,,5,,,,,,2,,,,,,,,,,,,3,,,,,,3,,,,,,,,,,,,2,,,,,,,,,,,,,,,,,,,,,,,,,,,,,,1,,,,,,1,,,,,,,,,,,,,,,,,,3,,,,,,,,,,,,1,,,,,,,,,,,,3,,,,,,,,,,,,1,,,,,,3,,,,,,3,,,,,,,,,,,,,,,,,,,,,,,,1,,,,,,3,,,,,,,,,,,,,,,,,,,,,,,,,,,,,,2,,,,,,2,,,,,,,,,,,,,,,,,,,,,,,,,,,,,,,,,,,,2,,,,,,,,,,,,,,,,,,,,,,,,,,,,,,2,,,,,,2,,,,,,2,,,,,,,,,,,,,,,,,,,,,,,,,,,,,,2,,,,,,,,,,,,,,,,,,,,,,,,1,,,,,,,,,,,,1,,,,,,1,,,,,,,,,,,,,,,,,,,,,,,,,,,,,,,,,,,,2,,,,,,1,,,,,,1,,,,,,,,,,,,1,,,,,,,,,,,,2,,,,,,,,,,,,,,,,,,1,,,,,,,,,,,,5,,,,,,1,,,,,,,,,,,,,,,,,,,,,,,,1,,,,,,,,,,,,1,,,,,,1,,,,,,,,,,,,,,,,,,,,,,,,,,,,,,15,,,79,,,0,,,32,,,,,,5,,,,,,,,,,,,8,,,,,,2,,,,,,2,,,,,,26,,,,,,15,,,,,,,1,,,1,,11,,,,,,11,,,,,,46,,,,,,34,,,,,,26,,,,,,25,,,,,,4,,,,,,1,,,,,,,,,,,,112,,,248,,,0,,,24,,,,,,4,,,,,,15,,,,,,5,,,,,,5,,,,,,21,,,,,,20,,,,,,8,,,,,,6,,,,,,30,,,,,,,1,,,1,,2,,,,,,58,,,,,,71,,,198,,,0,,,15,,,,,,2,,,,,,48,,,,,,2,,,,,,25,,,,,,,,,,,,41,,,92,,,0,,
,26736,23781,3071,1,1670,,,38,,,BL-1670-38-recto,,,6,,,September,,,13,,,September,,,,,,,,,,,,,,,1,,,,,,1,,,,,,,,,,,,,,,,,,,,,,,,3,,,,,,3,,,,,,,,,,,,,,,,,,7,,,,,,,,,,,,,,,,,,,,,,,,1,,,,,,,,,,,,,,,,,,,,,,,,,,,,,,1,,,,,,,,,,,,1,,,,,,4,,,,,,,,,,,,,,,,,,2,,,,,,,,,,,,,,,,,,2,,,,,,1,,,,,,2,,,,,,,,,,,,,,,,,,2,,,,,,,,,,,,,,,,,,,,,,,,,,,,,,,,,,,,,,,,,,2,,,,,,2,,,,,,2,,,,,,,,,,,,,,,,,,,,,,,,1,,,,,,1,,,,,,,,,,,,,,,,,,1,,,,,,1,,,,,,3,,,,,,1,,,,,,,,,,,,,,,,,,,,,,,,2,,,,,,,,,,,,2,,,,,,,,,,,,,,,,,,,,,,,,,,,,,,1,,,,,,,,,,,,1,,,,,,,,,,,,1,,,,,,,,,,,,,,,,,,,,,,,,,,,,,,1,,,,,,1,,,,,,,,,,,,,,,,,,,,,,,,1,,,,,,,,,,,,1,,,,,,1,,,,,,,,,,,,2,,,,,,2,,,,,,,,,,,,,,,,,,,,,,,,3,,,,,,,,,,,,2,,,,,,4,,,,,,1,,,,,,,,,,,,1,,,,,,1,,,,,,26,,,73,,,0,,,38,,,,,,3,,,,,,1,,,,,,3,,,,,,1,,,,,,4,,,,,,21,,,,,,9,,,,,,,1,,,1,,6,,,,,,19,,,,,,48,,,,,,7,,,,,,21,,,,,,31,,,,,,,,,,,,,,,,,,,,,,,,92,,,212,,,0,,,25,,,,,,2,,,,,,7,,,,,,6,,,,,,8,,,,,,15,,,,,,17,,,,,,13,,,,,,7,,,,,,29,,,,,,,1,,,1,,7,,,,,,78,,,,,,90,,,214,,,0,,,14,,,,,,3,,,,,,44,,,,,,1,,,,,,25,,,,,,,,,,,,46,,,87,,,0,,
,26737,23782,3072,1,1670,,,39,,,BL-1670-39-recto,,,13,,,September,,,20,,,September,,,2,,,,,,3,,,,,,,,,,,,,,,,,,,,,,,,,,,,,,,,,,,,4,,,,,,5,,,,,,,,,,,,,,,,,,2,,,,,,1,,,,,,,,,,,,3,,,,,,,,,,,,,,,,,,,,,,,,,,,,,,,,,,,,,,,,,,2,,,,,,1,,,,,,1,,,,,,,,,,,,,,,,,,1,,,,,,4,,,,,,,,,,,,2,,,,,,1,,,,,,,,,,,,,,,,,,,,,,,,,,,,,,,,,,,,2,,,,,,,,,,,,,,,,,,,,,,,,,,,,,,2,,,,,,2,,,,,,1,,,,,,,,,,,,1,,,,,,,,,,,,,,,,,,1,,,,,,1,,,,,,,,,,,,1,,,,,,,,,,,,,,,,,,1,,,,,,,,,,,,,,,,,,,,,,,,2,,,,,,,,,,,,,,,,,,,,,,,,,,,,,,,,,,,,,,,,,,,,,,,,,,,,,,,,,,,,1,,,,,,,,,,,,,,,,,,,,,,,,,,,,,,,,,,,,1,,,,,,,,,,,,,,,,,,,,,,,,2,,,,,,2,,,,,,4,,,,,,,,,,,,1,,,,,,,,,,,,3,,,,,,,,,,,,,,,,,,,,,,,,,,,,,,3,,,,,,,,,,,,,,,,,,7,,,,,,,,,,,,1,,,,,,,,,,,,,,,,,,23,,,71,,,0,,,28,,,,,,2,,,,,,,,,,,,4,,,,,,,,,,,,9,,,,,,29,,,,,,14,,,,,,,1,,,1,,,,,,,,11,,,,,,45,,,,,,24,,,,,,23,,,,,,23,,,,,,2,,,,,,1,,,,,,,,,,,,100,,,215,,,0,,,35,,,,,,4,,,,,,11,,,,,,4,,,,,,8,,,,,,11,,,,,,14,,,,,,13,,,,,,3,,,,,,25,,,,,,,1,,,1,,2,,,,,,72,,,,,,86,,,203,,,0,,,11,,,,,,8,,,,,,38,,,,,,4,,,,,,25,,,,,,,,,,,,42,,,86,,,0,,
,26738,23783,3073,1,1670,,,40,,,BL-1670-40-recto,,,20,,,September,,,27,,,September,,,,,,,,,3,,,,,,1,,,,,,1,,,,,,,,,,,,,,,,,,1,,,,,,1,,,,,,1,,,,,,,,,,,,,,,,,,1,,,,,,,,,,,,2,,,,,,3,,,,,,,,,,,,,,,,,,,,,,,,,,,,,,,,,,,,,,,,,,,,,,,,,,,,,,1,,,,,,,,,,,,,,,,,,,,,,,,3,,,,,,,,,,,,1,,,,,,3,,,,,,2,,,,,,,,,,,,,,,,,,,,,,,,1,,,,,,2,,,,,,,,,,,,,,,,,,,,,,,,1,,,,,,,,,,,,2,,,,,,,,,,,,,,,,,,,,,,,,,,,,,,1,,,,,,,,,,,,,,,,,,,,,,,,,,,,,,1,,,,,,,,,,,,,,,,,,,,,,,,,,,,,,,,,,,,,,,,,,,,,,,,,,,,,,,,,,,,,,,,,,2,,,,,,,,,,,,,,,,,,,,,,,,,,,,,,1,,,,,,,,,,,,,,,,,,,,,,,,,,,,,,,,,,,,1,,,,,,,,,,,,,,,,,,,,,,,,2,,,,,,1,,,,,,,,,,,,,,,,,,1,,,,,,,,,,,,2,,,,,,1,,,,,,,,,,,,,,,,,,,,,,,,,,,,,,,,,,,,,,,,,,4,,,,,,,,,,,,,,,,,,,,,,,,,,,,,,19,,,47,,,0,,,20,,,,,,,,,,,,1,,,,,,5,,,,,,,,,,,,13,,,,,,28,,,,,,7,,,,,,,1,,,1,,8,,,,,,5,,,,,,46,,,,,,18,,,,,,12,,,,,,23,,,,,,,,,,,,,,,,,,,,,,,,97,,,186,,,0,,,27,,,,,,2,,,,,,20,,,,,,6,,,,,,7,,,,,,11,,,,,,13,,,,,,11,,,,,,3,,,,,,29,,,,,,,1,,,1,,6,,,,,,41,,,,,,95,,,176,,,0,,,9,,,,,,2,,,,,,37,,,,,,2,,,,,,15,,,,,,,,,,,,44,,,65,,,0,,
,26739,23784,3074,1,1670,,,41,,,BL-1670-41-recto,,,27,,,September,,,4,,,October,,,1,,,,,,2,,,,,,1,,,,,,,,,,,,,,,,,,,,,,,,,,,,,,,,,,,,1,,,,,,,,,,,,,,,,,,2,,,,,,,,,,,,,,,,,,1,,,,,,1,,,,,,,,,,,,,,,,,,2,,,,,,,,,,,,,,,,,,,,,,,,,,,,,,,,,,,,,,,,,,,,,,,,,,,,,,2,,,,,,,,,,,,1,,,,,,,,,,,,,,,,,,,,,,,,,,,,,,,,,,,,1,,,,,,1,,,,,,,,,,,,,,,,,,,,,,,,,,,,,,,,,,,,1,,,,,,1,,,,,,,,,,,,,,,,,,,,,,,,,,,,,,,,,,,,,,,,,,,,,,,,1,,,,,,,,,,,,,,,,,,,,,,,,1,,,,,,,,,,,,,,,,,,,,,,,,,,,,,,,,,,,,,,,,,,,,,,,,,,,,,,,,,,,,,,,,,,,,,,,,,,,,,,,,,,,,2,,,,,,,,,,,,1,,,,,,,,,,,,,,,,,,,,,,,,1,,,,,,,,,,,,,,,,,,1,,,,,,,,,,,,,,,,,,,,,,,,,,,,,,,,,,,,1,,,,,,,,,,,,,,,,,,,,,,,,,,,,,,2,,,,,,,,,,,,1,,,,,,4,,,,,,,,,,,,1,,,,,,,,,,,,1,,,,,,9,,,35,,,0,,,16,,,,,,4,,,,,,,,,,,,3,,,,,,,,,,,,,,,,,,23,,,,,,9,,,,,,,1,,,1,,6,,,,,,9,,,,,,39,,,,,,12,,,,,,15,,,,,,20,,,,,,1,,,,,,,,,,,,,,,,,,93,,,157,,,0,,,19,,,,,,4,,,,,,9,,,,,,5,,,,,,8,,,,,,10,,,,,,12,,,,,,11,,,,,,8,,,,,,16,,,,,,,1,,,1,,2,,,,,,39,,,,,,73,,,143,,,0,,,12,,,,,,2,,,,,,38,,,,,,,,,,,,14,,,,,,,,,,,,52,,,66,,,0,,
,26770,23785,3075,1,1670,,,42,,,BL-1670-42-recto,,,4,,,October,,,11,,,October,,,1,,,,,,5,,,,,,,,,,,,,,,,,,,,,,,,,,,,,,,,,,,,2,,,,,,4,,,,,,2,,,,,,,,,,,,1,,,,,,1,,,,,,2,,,,,,2,,,,,,,,,,,,,,,,,,,,,,,,,,,,,,,,,,,,,,,,,,,,,,,,,,,,,,2,,,,,,,,,,,,,,,,,,,,,,,,2,,,,,,,,,,,,,,,,,,,,,,,,1,,,,,,,,,,,,,,,,,,1,,,,,,1,,,,,,1,,,,,,,,,,,,,,,,,,,,,,,,,,,,,,1,,,,,,3,,,,,,1,,,,,,,,,,,,,,,,,,,,,,,,1,,,,,,2,,,,,,,,,,,,,,,,,,,,,,,,,,,,,,,,,,,,1,,,,,,,,,,,,,,,,,,,,,,,,,,,,,,,,,,,,,,,,,,,,,,,,,,,,,,,,,,,,,,,,,,1,,,,,,,,,,,,,,,,,,,,,,,,,,,,,,,,,,,,,,,,,,,,,,,,,,,,,,,,,,,,2,,,,,,,,,,,,,,,,,,,,,,,,1,,,,,,3,,,,,,,,,,,,,,,,,,,,,,,,4,,,,,,,,,,,,,,,,,,,,,,,,,,,,,,,,,,,,,,,,,,,,,,,,3,,,,,,,,,,,,1,,,,,,,,,,,,,,,,,,15,,,52,,,0,,,18,,,,,,1,,,,,,1,,,,,,4,,,,,,,,,,,,10,,,,,,12,,,,,,6,,,,,,,1,,,1,,4,,,,,,6,,,,,,35,,,,,,16,,,,,,12,,,,,,14,,,,,,4,,,,,,1,,,,,,,,,,,,107,,,144,,,0,,,18,,,,,,1,,,,,,6,,,,,,3,,,,,,4,,,,,,13,,,,,,9,,,,,,9,,,,,,2,,,,,,16,,,,,,,1,,,1,,,,,,,,27,,,,,,76,,,108,,,0,,,2,,,,,,3,,,,,,31,,,,,,2,,,,,,24,,,,,,,,,,,,53,,,72,,,0,,
,26771,23786,3076,1,1670,,,43,,,BL-1670-43-recto,,,11,,,October,,,18,,,October,,,,,,,,,2,,,,,,,,,,,,,,,,,,,,,,,,1,,,,,,1,,,,,,,,,,,,2,,,,,,,,,,,,,,,,,,,,,,,,,,,,,,1,,,,,,,,,,,,,,,,,,,,,,,,,,,,,,,,,,,,,,,,,,,,,,,,,,,,,,,,,,,,,,,,,,,,,,,,,,,,,,,,,,,,1,,,,,,1,,,,,,,,,,,,,,,,,,1,,,,,,,,,,,,,,,,,,,,,,,,,,,,,,1,,,,,,,,,,,,,,,,,,,,,,,,,,,,,,3,,,,,,2,,,,,,,,,,,,,,,,,,,,,,,,,,,,,,1,,,,,,2,,,,,,,,,,,,,,,,,,,,,,,,,,,,,,,,,,,,,,,,,,,,,,,,,,,,,,,,,,,,,,,,,,,,,,,,1,,,,,,,,,,,,,,,,,,1,,,,,,,,,,,,,,,,,,,,,,,,,,,,,,,,,,,,,,,,,,,,,,,,,,,,,,,,,,,,,,,,,,3,,,,,,1,,,,,,,,,,,,,,,,,,,,,,,,1,,,,,,,,,,,,,,,,,,,,,,,,2,,,,,,1,,,,,,,,,,,,,,,,,,,,,,,,,,,,,,,,,,,,,,,,,,,,,,,,2,,,,,,,,,,,,,,,,,,,,,,,,,,,,,,23,,,31,,,0,,,19,,1,,,,4,,,,,,,,,,,,2,,,,,,,,,,,,1,,,,,,15,,,,,,4,,,,,,,1,,,1,,7,,,,,,7,,,,,,29,,,,,,14,,,,,,11,,,,,,20,,,,,,1,,,,,,1,,,,,,,,,,,,94,,,135,,,0,,,20,,,,,,2,,,,,,4,,,,,,4,,,,,,2,,,,,,8,,,,,,7,,,,,,8,,,,,,3,,,,,,16,,,,,,,1,,,1,,2,,,,,,38,,,,,,68,,,114,,,0,,,5,,,,,,2,,,,,,27,,,,,,2,,,,,,9,,,,,,,,,,,,44,,,45,,,0,,
,26772,23787,3077,1,1670,,,44,,,BL-1670-44-recto,,,18,,,October,,,25,,,October,,,1,,,,,,3,,,,,,,,,,,,1,,,,,,,,,,,,,,,,,,,,,,,,1,,,,,,1,,,,,,,,,,,,1,,,,,,,,,,,,,,,,,,,,,,,,2,,,,,,3,,,,,,,,,,,,,,,,,,,,,,,,,,,,,,1,,,,,,,,,,,,,,,,,,2,,,,,,,,,,,,,,,,,,,,,,,,,,,,,,,,,,,,,,,,,,1,,,,,,1,,,,,,,,,,,,,,,,,,,,,,,,1,,,,,,1,,,,,,,,,,,,,,,,,,,,,,,,,,,,,,1,,,,,,2,,,,,,,,,,,,,,,,,,,,,,,,,,,,,,,,,,,,2,,,,,,,,,,,,,,,,,,,,,,,,1,,,,,,,,,,,,,,,,,,2,,,,,,,,,,,,,,,,,,,,,,,,,,,,,,,,,,,,,,,,,,,,,,,,,,,,,,,,,,,,,,,,,,,,,,,,,,,,,,,,,,,,1,,,,,,,,,,,,,,,,,,,,,,,,1,,,,,,,,,,,,1,,,,,,,,,,,,,,,,,,1,,,,,,1,,,,,,,,,,,,,,,,,,,,,,,,,,,,,,3,,,,,,,,,,,,,,,,,,,,,,,,,,,,,,,,,,,,3,,,,,,1,,,,,,2,,,,,,,,,,,,,,,,,,,,,,,,,,,,,,20,,,42,,,0,,,20,,,,,,1,,,,,,,,,,,,3,,,,,,,,,,,,7,,,,,,14,,,,,,8,,,,,,,1,,,1,,3,,,,,,8,,,,,,30,,,,,,13,,,,,,11,,,,,,12,,,,,,,,,,,,2,,,,,,,,,,,,103,,,133,,,0,,,18,,,,,,,,,,,,4,,,,,,6,,,,,,5,,,,,,6,,,,,,14,,,,,,4,,,,,,2,,,,,,24,,,,,,,1,,,1,,,,,,,,20,,,,,,70,,,103,,,0,,,12,,,,,,2,,,,,,27,,,,,,,,,,,,17,,,,,,,,,,,,35,,,58,,,0,,
,26773,23788,3078,1,1670,,,45,,,BL-1670-45-recto,,,25,,,October,,,1,,,November,,,,,,,,,2,,,,,,2,,,,,,,,,,,,,,,,,,,,,,,,,,,,,,,,,,,,1,,,,,,,,,,,,,,,,,,2,,,,,,1,,,,,,,,,,,,1,,,,,,,,,,,,,,,,,,,,,,,,,,,,,,,,,,,,,,,,,,,,,,,,,,,,,,1,,,,,,,,,,,,,,,,,,,,,,,,2,,,,,,,,,,,,1,,,,,,,,,,,,,,,,,,,,,,,,1,,,,,,,,,,,,,,,,,,,,,,,,,,,,,,,,,,,,,,,,,,,,,,,,,,,,,,,,,,,,,,,,,,,,,,,,,,,,,,,,,,,,,,,,,,,,,,,,,,,,,,,,,,,,1,,,,,,1,,,,,,,,,,,,1,,,,,,,,,,,,,,,,,,,,,,,,,,,,,,,,,,,,1,,,,,,,,,,,,,,,,,,,,,,,,,,,,,,,,,,,,,,,,,,3,,,,,,,,,,,,,,,,,,,,,,,,,,,,,,,,,,,,,,,,,,,,,,,,2,,,,,,,,,,,,,,,,,,,,,,,,1,,,,,,1,,,,,,,,,,,,,,,,,,,,,,,,,,,,,,1,,,,,,,,,,,,,,,,,,,,,,,,2,,,,,,,,,,,,1,,,,,,2,,,,,,,,,,,,,,,,,,,,,,,,,,,,,,11,,,31,,,0,,,20,,,,,,3,,,,,,,,,,,,1,,,,,,1,,,,,,5,,,,,,19,,,,,,5,,,,,,,1,,,1,,4,,,,,,4,,,,,,,,1,,,,9,,,,,,4,,,,,,9,,,,,,,,,,,,,,,,,,,,,,,,97,,,112,,,0,,,18,,,,,,2,,,,,,7,,,,,,3,,,,,,3,,,,,,7,,,,,,11,,,,,,4,,,,,,1,,,,,,11,,,,,,,1,,,1,,2,,,,,,23,,,,,,69,,,92,,,0,,,6,,,,,,3,,,,,,28,,,,,,2,,,,,,9,,,,,,,,,,,,41,,,48,,,0,,
,26774,23789,3094,1,1670,,,46,,,BL-1670-46-recto,,,1,,,November,,,8,,,November,,,,,,,,,2,,,,,,,,,,,,,,,,,,,,,,,,,,,,,,,,,,,,1,,,,,,1,,,,,,,,,,,,,,,,,,2,,,,,,,,,,,,2,,,,,,,,,,,,,,,,,,3,,,,,,,,,,,,,,,,,,1,,,,,,,,,,,,,,,,,,,,,,,,,,,,,,,,,,,,,,,,,,,,,,,,,,,,,,,,,,,,,,,,,,1,,,,,,1,,,,,,,,,,,,,,,,,,,,,,,,,,,,,,,,,,,,,,,,,,,,,,,,,,,,,,,,,,,,2,,,,,,,,,,,,,,,,,,,,,,,,,,,,,,,,,,,,,,,,,,,,,,,,,,,,,,,,,,,,,,,,,,,,,,,,,,,,,,,,,,,,,,,,,,,,,,,,1,,,,,,,,,,,,,,,,,,,,,,,,,,,,,,,,,,,,,,,,,,,,,,,,,,,,,,,,,,,,,,,,,,,,,,,,,,,,,,,,,,,,,,,,,,2,,,,,,,,,,,,2,,,,,,,,,,,,,,,,,,,,,,,,,,,,,,,,,,,,,,,,,,,,,,,,,,,,,,1,,,,,,,,,,,,,,,,,,,,,,,,,,,,,,,,,,,,,,,,,,,,,,,,1,,,,,,1,,,,,,,,,,,,,,,,,,,,,,,,,,,,,,15,,,24,,,0,,,16,,,,,,3,,,,,,1,,,,,,1,,,,,,,,,,,,1,,,,,,16,,,,,,7,,,,,,,1,,,1,,5,,,,,,3,,,,,,15,,,,,,9,,,,,,10,,,,,,12,,,,,,,,,,,,,,,,,,,,,,,,85,,,99,,,0,,,14,,,,,,,,,,,,6,,,,,,3,,,,,,4,,,,,,4,,,,,,11,,,,,,1,,,,,,2,,,,,,18,,,,,,,1,,,1,,1,,,,,,24,,,,,,74,,,88,,,0,,,9,,,,,,3,,,,,,23,,,,,,1,,,,,,13,,,,,,,,,,,,70,,,49,,,0,,
,26775,23790,3095,1,1670,,,47,,,BL-1670-47-recto,,,8,,,November,,,15,,,November,,,,,,,,,,,,,,,,,,,,,,,,,,,,,,,,,,,,,,,1,,,,,,,,,,,,,,,,,,,,,,,,,,,,,,1,,,,,,1,,,,,,,,,,,,1,,,,,,,,,,,,,,,,,,,,,,,,1,,,,,,,,,,,,1,,,,,,,,,,,,,,,,,,2,,,,,,,,,,,,,,,,,,,,,,,,,,,,,,1,,,,,,1,,,,,,,,,,,,1,,,,,,,,,,,,,,,,,,,,,,,,,,,,,,,,,,,,,,,,,,,,,,,,,,,,,,,,,,,,,,,,,,1,,,,,,,,,,,,,,,,,,,,,,,,,,,,,,,,,,,,,,,,,,,,,,,,,,,,,,1,,,,,,1,,,,,,,,,,,,,,,,,,,,,,,,,,,,,,,,,,,,,,,,,,,,,,,,,,,,,,2,,,,,,,,,,,,1,,,,,,,,,,,,,,,,,,,,,,,,,,,,,,,,,,,,,,,,,,,,,,,,,,,,,,,,,,,,2,,,,,,,,,,,,,,,,,,,,,,,,,,,,,,1,,,,,,,,,,,,1,,,,,,,,,,,,,,,,,,,,,,,,2,,,,,,,,,,,,,,,,,,,,,,,,,,,,,,3,,,,,,,,,,,,1,,,,,,3,,,,,,1,,,,,,,,,,,,,,,,,,,,,,,,16,,,31,,,0,,,13,,,,,,1,,,,,,2,,,,,,1,,,,,,,,,,,,5,,,,,,8,,,,,,7,,,,,,,1,,,1,,3,,,,,,4,,,,,,18,,,,,,17,,,,,,5,,,,,,12,,,,,,,,,,,,3,,,,,,,,,,,,105,,,99,,,0,,,11,,,,,,,,,,,,2,,,,,,2,,,,,,6,,,,,,6,,,,,,12,,,,,,6,,,,,,1,,,,,,13,,,,,,,1,,,1,,,,,,,,14,,,,,,75,,,83,,,0,,,7,,,,,,3,,,,,,22,,,,,,4,,,,,,11,,,,,,,,,,,,37,,,47,,,0,,
,26776,23791,3097,1,1670,,,48,,,BL-1670-48-recto,,,15,,,November,,,22,,,November,,,1,,,,,,3,,,,,,,,,,,,1,,,,,,,,,,,,,,,,,,2,,,,,,,,,,,,,,,,,,,,,,,,,,,,,,,,,,,,,,,,,,,,,,,,1,,,,,,,,,,,,,,,,,,,,,,,,,,,,,,,,,,,,,,,,,,,,,,,,,,,,,,1,,,,,,,,,,,,,,,,,,,,,,,,,,,,,,,,,,,,,,,,,,2,,,,,,,,,,,,,,,,,,,,,,,,,,,,,,1,,,,,,1,,,,,,1,,,,,,,,,,,,,,,,,,,,,,,,,,,,,,4,,,,,,,,,,,,,,,,,,,,,,,,,,,,,,,,,,,,,,,,,,,,,,,,,,,,,,1,,,,,,1,,,,,,,,,,,,,,,,,,,,,,,,,,,,,,,,,,,,,,,,,,,,,,,,,,,,,,,,,,,,,,,,,,1,,,,,,,,,,,,2,,,,,,,,,,,,,,,,,,1,,,,,,,,,,,,,,,,,,,,,,,,,,,,,,,,,,,,1,,,,,,2,,,,,,,,,,,,,,,,,,,,,,,,,,,,,,,,,,,,,,,,,,,,,,,,,,,,,,,,,,,,,,,,,,,,,,,,,,,,,,,,,,,,,,,,,,,,,,,,,,,,,,1,,,,,,,,,,,,1,,,,,,,,,,,,1,,,,,,17,,,29,,,0,,,20,,,,,,2,,,,,,2,,,,,,3,,,,,,,,,,,,2,,,,,,8,,,,,,6,,,,,,,1,,,1,,3,,,,,,8,,,,,,19,,,,,,16,,,,,,9,,,,,,7,,,,,,,,,,,,1,,,,,,,,,,,,85,,,106,,,0,,,18,,,,,,1,,,,,,2,,,,,,2,,,,,,3,,,,,,7,,,,,,5,,,,,,3,,,,,,1,,,,,,11,,,,,,,1,,,1,,4,,,,,,18,,,,,,67,,,75,,,0,,,8,,,,,,5,,,,,,27,,,,,,2,,,,,,19,,,,,,,,,,,,35,,,61,,,0,,
,26777,23792,3099,1,1670,,,49,,,BL-1670-49-recto,,,22,,,November,,,29,,,November,,,1,,,,,,,,,,,,,,,,,,,,,,,,,,,,,,,,,,,,1,,,,,,,,,,,,1,,,,,,,,,,,,,,,,,,,,,,,,1,,,,,,,,,,,,,,,,,,,,,,,,,,,,,,,,,,,,,,,,,,,,,,,,,,,,,,,,,,,,,,,,,,1,,,,,,,,,,,,,,,,,,,,,,,,,,,,,,,,,,,,,,,,,,,,,,,,1,,,,,,,,,,,,,,,,,,1,,,,,,,,,,,,,,,,,,,,,,,,,,,,,,,,,,,,,,,,,,2,,,,,,1,,,,,,,,,,,,,,,,,,,,,,,,,,,,,,,,,,,,1,,,,,,,,,,,,,,,,,,,,,,,,,,,,,,,,,,,,,,,,,,,,,,,,,,,,,,,,,,,,,,,,,,,,,,,,,,,,,,,,,,,,,,,,,,2,,,,,,,,,,,,,,,,,,,,,,,,1,,,,,,,,,,,,2,,,,,,,,,,,,,,,,,,,,,,,,,,,,,,1,,,,,,,,,,,,,,,,,,,,,,,,,,,,,,,,,,,,,,,,,,,,,,,,,,,,,,,,,,,,1,,,,,,1,,,,,,,,,,,,,,,,,,,,,,,,,,,,,,,,,,,,2,,,,,,2,,,,,,1,,,,,,,,,,,,,,,,,,,,,,,,18,,,23,,,0,,,11,,,,,,,,,,,,,,,,,,3,,,,,,,,,,,,3,,,,,,11,,,,,,8,,,,,,,1,,,1,,4,,,,,,5,,,,,,12,,,,,,13,,,,,,8,,,,,,10,,,,,,2,,,,,,,,,,,,,,,,,,80,,,90,,,0,,,16,,,,,,1,,,,,,6,,,,,,1,,,,,,4,,,,,,4,,,,,,9,,,,,,1,,,,,,1,,,,,,12,,,,,,,1,,,1,,4,,,,,,30,,,,,,87,,,89,,,0,,,11,,,,,,,,,,,,22,,,,,,1,,,,,,11,,,,,,,,,,,,53,,,45,,,0,,
,26778,23793,3100,1,1670,,,50,,,BL-1670-50-recto,,,29,,,November,,,6,,,December,,,,,,,,,1,,,,,,,,,,,,,,,,,,,,,,,,,,,,,,2,,,,,,1,,,,,,1,,,,,,,,,,,,,,,,,,,,,,,,,,,,,,3,,,,,,,,,,,,,,,,,,,,,,,,,,,,,,,,,,,,,,,,,,,,,,,,,,,,,,,,,,,,1,,,,,,,,,,,,,,,,,,,,,,,,,,,,,,,,,,,,2,,,,,,,,,,,,1,,,,,,,,,,,,1,,,,,,,,,,,,3,,,,,,1,,,,,,1,,,,,,,,,,,,,,,,,,,,,,,,1,,,,,,4,,,,,,,,,,,,,,,,,,,,,,,,,,,,,,,,,,,,,,,,,,,,,,,,,,,,,,,,,,,,,,,,,,1,,,,,,,,,,,,,,,,,,,,,,,,,,,,,,,,,,,,,,,,,,,,,,,,,,,,,,,,,,,,,,,,,,1,,,,,,,,,,,,,,,,,,,,,,,,,,,,,,1,,,,,,,,,,,,,,,,,,,,,,,,2,,,,,,1,,,,,,,,,,,,,,,,,,,,,,,,,,,,,,,,,,,,,,,,,,,,,,,,,,,,,,,,,,,,3,,,,,,,,,,,,,,,,,,,,,,,,,,,,,,1,,,,,,1,,,,,,,,,,,,1,,,,,,,,,,,,,,,,,,,,,,,,,,,,,,14,,,35,,,0,,,21,,,,,,,,,,,,,,,,,,2,,,,,,,,,,,,3,,,,,,13,,,,,,9,,,,,,,1,,,1,,3,,,,,,5,,,,,,16,,,,,,12,,,,,,14,,,,,,8,,,,,,2,,,,,,1,,,,,,,,,,,,90,,,109,,,0,,,21,,,,,,2,,,,,,6,,,,,,2,,,,,,3,,,,,,9,,,,,,5,,,,,,4,,,,,,,,,,,,26,,,,,,,1,,,1,,,,,,,,25,,,,,,73,,,103,,,0,,,8,,,,,,4,,,,,,28,,,,,,2,,,,,,18,,,,,,,,,,,,58,,,60,,,0,,
,26779,23794,3102,1,1670,,,51,,,BL-1670-51-recto,,,6,,,December,,,13,,,December,,,,,,,,,1,,,,,,2,,,,,,,,,,,,,,,,,,,,,,,,,,,,,,,,,,,,1,,,,,,1,,,,,,,,,,,,1,,,,,,,,,,,,,,,,,,2,,,,,,,,,,,,,,,,,,1,,,,,,,,,,,,1,,,,,,1,,,,,,,,,,,,,,,,,,1,,,,,,,,,,,,,,,,,,,,,,,,1,,,,,,,,,,,,,,,,,,,,,,,,,,,,,,,,,,,,,,,,,,,,,,,,,,,,,,,,,,,,,,,,,,,,,,,,,,,,,,,,,,,,,,,,,,5,,,,,,,,,,,,,,,,,,,,,,,,,,,,,,2,,,,,,,,,,,,,,,,,,,,,,,,,,,,,,,,,,,,,,,,,,,,,,,,,,,,,,,,,,,,,,,,,,,,,,,,,,,,,,2,,,,,,,,,,,,,,,,,,2,,,,,,,,,,,,,,,,,,,,,,,,1,,,,,,,,,,,,,,,,,,,,,,,,,,,,,,,,,,,,,,,,,,,,,,,,,,,,,,,,,,,,,,,,,,,,,,,,,,,,,,,,,,,,,,,,,,1,,,,,,,,,,,,2,,,,,,,,,,,,,,,,,,,,,,,,,,,,,,,,,,,,,,,,,,,,,,,,,,,,,,1,,,,,,,,,,,,,,,,,,,,,,,,20,,,29,,,0,,,17,,,,,,1,,,,,,1,,,,,,4,,,,,,,,,,,,2,,,,,,13,,,,,,7,,,,,,,1,,,1,,4,,,,,,5,,,,,,22,,,,,,11,,,,,,13,,,,,,9,,,,,,,,,,,,,,,,,,,,,,,,92,,,109,,,0,,,10,,1,,,,3,,,,,,6,,,,,,7,,,,,,1,,,,,,12,,,,,,12,,,,,,6,,,,,,2,,,,,,18,,,,,,,1,,,1,,5,,,,,,22,,,,,,90,,,104,,,0,,,6,,,,,,,,,,,,24,,,,,,,,1,,,,19,,,,,,,,,,,,41,,,50,,,0,,
,26810,23795,3109,1,1670,,,52,,,BL-1670-52-recto,,,13,,,December,,,20,,,December,,,2,,,,,,1,,,,,,,,,,,,,,,,,,,,,,,,,,,,,,1,,,,,,4,,,,,,1,,,,,,1,,,,,,,,,,,,1,,,,,,,,,,,,1,,,,,,1,,,,,,,,,,,,1,,,,,,,,,,,,,,,,,,,,,,,,1,,,,,,,,,,,,,,,,,,1,,,,,,,,,,,,,,,,,,,,,,,,,,,,,,,,,,,,,,,,,,,,,,,,1,,,,,,,,,,,,,,,,,,,,,,,,2,,,,,,,,,,,,,,,,,,,,,,,,,,,,,,1,,,,,,1,,,,,,1,,,,,,,,,,,,,,,,,,,,,,,,,,,,,,1,,,,,,1,,,,,,,,,,,,,,,,,,,,,,,,,,,,,,,,,,,,1,,,,,,,,,,,,,,,,,,,,,,,,,,,,,,,,,,,,1,,,,,,,,,,,,,,,,,,,,,,,,,,,,,,1,,,,,,,,,,,,,,,,,,,,,,,,,,,,,,,,,,,,,,,,,,,,,,,,,,,,,,,,,,,,,,,,,,,,,,,,,,,,,,,,,,,,,,,,,,,,,,,,1,,,,,,,,,,,,,,,,,,1,,,,,,,,,,,,,,,,,,,,,,,,,,,,,,,,,,,,,,,,,,,,,,,,2,,,,,,,,,,,,,,,,,,,,,,,,,,,,,,17,,,33,,,0,,,12,,,,,,1,,,,,,1,,,,,,2,,,,,,1,,,,,,2,,,,,,13,,,,,,8,,,,,,,1,,,1,,7,,,,,,7,,,,,,26,,,,,,14,,,,,,13,,,,,,8,,,,,,,,,,,,1,,,,,,,,,,,,83,,,116,,,0,,,20,,,,,,1,,,,,,9,,,,,,1,,,,,,5,,,,,,1,,,,,,4,,,,,,4,,,,,,,,,,,,12,,,,,,,1,,,1,,3,,,,,,29,,,,,,81,,,90,,,0,,,6,,,,,,,,,,,,24,,,,,,,,,,,,14,,,,,,,,,,,,51,,,45,,,0,,
,27016,23848,3299,1,1671,,,1,,,BL-1671-01-recto,,,19,,,December,,,26,,,December,,,1,,,,,,2,,,,,,,,,,,,1,,,,,,,,,,,,,,,,,,,,,,,,,,,,,,1,,,,,,,,,,,,,,,,,,,,,,,,,,,,,,1,,,,,,1,,,,,,,,,,,,,,,,,,,,,,,,,,,,,,,,,,,,,,,,,,,,,,,,,,,,,,,,,,,,1,,,,,,,,,,,,,,,,,,2,,,,,,,,,,,,,,,,,,,,,,,,1,,,,,,,,,,,,,,,,,,,,,,,,2,,,,,,,,,,,,,,,,,,,,,,,,,,,,,,,,,,,,,,,,,,3,,,,,,,,,,,,,,,,,,,,,,,,,,,,,,,,,,,,,,,,,,,,,,,,,,,,,,1,,,,,,,,,,,,,,,,,,,,,,,,1,,,,,,,,,,,,,,,,,,,,,,,,,,,,,,2,,,,,,,,,,,,,,,,,,,,,,,,,,,,,,,,,,,,,,,,,,1,,,,,,1,,,,,,,,,,,,,,,,,,,,,,,,,,,,,,,,,,,,,,,,,,,,,,,,,,,,,,,,,,,,,,,,,,,,,,,,,,,,,,,,,,,,,,,,,,1,,,,,,,,,,,,,,,,,,1,,,,,,,,,,,,,,,,,,1,,,,,,,,,,,,1,,,,,,2,,,,,,,,,,,,,,,,,,,,,,,,,,,,,,16,,,28,,,0,,,23,,,,,,2,,,,,,,,,,,,3,,,,,,,,,,,,7,,,,,,17,,,,,,6,,,,,,4,,,,,,3,,,,,,5,,,,,,18,,,,,,21,,,,,,8,,,,,,5,,,,,,,,,,,,3,,,,,,,,,,,,75,,,125,,,0,,,22,,,,,,3,,,,,,5,,,,,,3,,,,,,6,,,,,,8,,,,,,7,,,,,,4,,,,,,1,,,,,,12,,,,,,10,,,,,,,,,,,,29,,,,,,64,,,110,,,0,,,7,,,,,,,,,,,,30,,,,,,2,,,,,,8,,,,,,,,,,,,44,,,47,,,0,,
,27017,23849,3300,1,1671,,,2,,,BL-1671-02-recto,,,26,,,December,,,2,,,January,,,,,,,,,2,,,,,,,,,,,,,,,,,,,,,,,,,,,,,,,,,,,,2,,,,,,,,,,,,2,,,,,,1,,,,,,1,,,,,,,,,,,,2,,,,,,,,,,,,,,,,,,,,,,,,,,,,,,,,,,,,,,,,,,2,,,,,,,,,,,,,,,,,,2,,,,,,,,,,,,,,,,,,,,,,,,1,,,,,,,,,,,,,,,,,,,,,,,,2,,,,,,,,,,,,,,,,,,,,,,,,,,,,,,1,,,,,,,,,,,,,,,,,,,,,,,,,,,,,,,,,,,,1,,,,,,1,,,,,,,,,,,,,,,,,,,,,,,,1,,,,,,,,,,,,,,,,,,,,,,,,,,,,,,,,,,,,,,,,,,,,,,,,,,,,,,,,,,,,,,,,,,,,,,,,,,,,,,,,,,,,,,,,,,,,,,,,,,,,,,,,,,,,,,,,,,,,,,,,,,,,,,,,,,,,,,,,,,,,,,,,1,,,,,,1,,,,,,1,,,,,,,,,,,,,,,,,,,,,,,,,,,,,,,,,,,,,,,,,,,,,,,,,,,,,,,,,,,,,,,,,,3,,,,,,2,,,,,,,,,,,,,,,,,,,,,,,,2,,,,,,,,,,,,3,,,,,,2,,,,,,,,,,,,,,,,,,,,,,,,,,,,,,24,,,36,,,0,,,18,,,,,,1,,,,,,,,,,,,4,,,,,,,,,,,,2,,,,,,13,,,,,,10,,,,,,2,,,,,,1,,,,,,7,,,,,,28,,,,,,17,,,,,,10,,,,,,16,,,,,,1,,,,,,,,,,,,,,,,,,91,,,130,,,0,,,20,,,,,,3,,,,,,8,,,,,,5,,,,,,6,,,,,,6,,,,,,11,,,,,,4,,,,,,1,,,,,,17,,,,,,10,,,,,,1,,,,,,22,,,,,,75,,,114,,,0,,,9,,,,,,5,,,,,,30,,,,,,1,,,,,,17,,,,,,,,,,,,65,,,62,,,0,,
,27018,23850,3301,1,1671,,,3,,,BL-1671-03-recto,,,2,,,January,,,9,,,January,,,1,,,,,,2,,,,,,,,,,,,,,,,,,,,,,,,,,,,,,1,,,,,,2,,,,,,,,,,,,,,,,,,,,,,,,2,,,,,,,,,,,,1,,,,,,1,,,,,,,,,,,,,,,,,,,,,,,,1,,,,,,,,,,,,,,,,,,1,,,,,,,,,,,,3,,,,,,,,,,,,,,,,,,,,,,,,1,,,,,,,,,,,,2,,,,,,1,,,,,,,,,,,,,,,,,,,,,,,,,,,,,,3,,,,,,2,,,,,,,,,,,,,,,,,,,,,,,,,,,,,,,,,,,,2,,,,,,,,,,,,,,,,,,,,,,,,,,,,,,,,,,,,,,,,,,,,,,,,,,,,,,,,,,,,,,,,,,,,,,,,,,,,,,1,,,,,,,,,,,,,,,,,,,,,,,,,,,,,,,,,,,,,,,,,,,,,,,,,,,,,,,,,,,,,,,,,,,,,,,,,,,,,,,,,,,,1,,,,,,,,,,,,,,,,,,1,,,,,,,,,,,,,,,,,,,,,,,,,,,,,,,,,,,,,,,,,,,,,,,,,,,,,,,,,,,,,,,,,,,,,,,,1,,,,,,,,,,,,,,,,,,,,,,,,,,,,,,,,,,,,,,,,,,,,,,,,2,,,,,,,,,,,,,,,,,,,,,,,,,,,,,,14,,,32,,,0,,,19,,,,,,1,,,,,,,,,,,,2,,,,,,,,,,,,4,,,,,,12,,,,,,2,,,,,,1,,,,,,6,,,,,,8,,,,,,19,,,,,,15,,,,,,8,,,,,,14,,,,,,,,,,,,1,,,,,,,,,,,,85,,,112,,,0,,,23,,,,,,3,,,,,,3,,,,,,2,,,,,,,,,,,,13,,,,,,4,,,,,,2,,,,,,2,,,,,,9,,,,,,10,,,,,,1,,,,,,25,,,,,,89,,,97,,,0,,,7,,,,,,1,,,,,,25,,,,,,,,,,,,9,,,,,,,,,,,,62,,,42,,,0,,
,27019,23851,3302,1,1671,,,4,,,BL-1671-04-recto,,,9,,,January,,,16,,,January,,,,,,,,,5,,,,,,1,,,,,,1,,,,,,,,,,,,,,,,,,1,,,,,,,,,,,,1,,,,,,3,,,,,,1,,,,,,,,,,,,,,,,,,1,,,,,,2,,,,,,,,,,,,,,,,,,,,,,,,,,,,,,1,,,,,,,,,,,,1,,,,,,2,,,,,,,,,,,,,,,,,,,,,,,,,,,,,,,,,,,,,,,,,,,,,,,,,,,,,,,,,,,,1,,,,,,,,,,,,2,,,,,,2,,,,,,2,,,,,,1,,,,,,,,,,,,,,,,,,,,,,,,2,,,,,,3,,,,,,3,,,,,,,,,,,,,,,,,,,,,,,,1,,,,,,1,,,,,,,,,,,,,,,,,,,,,,,,,,,,,,1,,,,,,,,,,,,,,,,,,,,,,,,,,,,,,1,,,,,,,,,,,,,,,,,,,,,,,,,,,,,,,,,,,,,,,,,,,,,,,,,,,,,,,,,,,,,,,,,,,,,,,,,,,,,,,,,,,,1,,,,,,,,,,,,1,,,,,,,,,,,,,,,,,,,,,,,,,,,,,,1,,,,,,2,,,,,,,,,,,,,,,,,,,,,,,,1,,,,,,,,,,,,1,,,,,,,,,,,,,,,,,,1,,,,,,,,,,,,,,,,,,2,,,,,,,,,,,,,,,,,,,,,,,,,,,,,,36,,,50,,,0,,,22,,,,,,3,,,,,,,,,,,,6,,,,,,,,,,,,4,,,,,,12,,,,,,7,,,,,,2,,,,,,4,,,,,,6,,,,,,26,,,,,,26,,,,,,9,,,,,,13,,,,,,,,,,,,1,,,,,,,,,,,,95,,,141,,,0,,,19,,,,,,,,,,,,10,,,,,,7,,,,,,2,,,,,,7,,,,,,15,,,,,,5,,,,,,,,,,,,22,,,,,,10,,,,,,,,,,,,27,,,,,,85,,,124,,,0,,,11,,,,,,4,,,,,,29,,,,,,2,,,,,,14,,,,,,,,,,,,55,,,60,,,0,,
,27020,23852,3304,1,1671,,,5,,,BL-1671-05-recto,,,16,,,January,,,23,,,January,,,1,,,,,,1,,,,,,,,,,,,1,,,,,,,,,,,,,,,,,,,,,,,,,,,,,,,,,,,,,,,,,,,,,,,,,,,,,,1,,,,,,,,,,,,3,,,,,,1,,,,,,,,,,,,,,,,,,1,,,,,,,,,,,,2,,,,,,,,,,,,1,,,,,,,,,,,,,,,,,,,,,,,,2,,,,,,3,,,,,,,,,,,,1,,,,,,,,,,,,,,,,,,,,,,,,,,,,,,,,,,,,1,,,,,,3,,,,,,,,,,,,,,,,,,,,,,,,,,,,,,1,,,,,,1,,,,,,1,,,,,,,,,,,,1,,,,,,,,,,,,,,,,,,,,,,,,,,,,,,,,,,,,,,,,,,,,,,,,,,,,,,,,,,,,,,,,,,,,,,,,1,,,,,,2,,,,,,,,,,,,2,,,,,,,,,,,,,,,,,,,,,,,,,,,,,,,,,,,,,,,,,,,,,,,,,,,,,,,,,,,,,,,,,,1,,,,,,,,,,,,,,,,,,,,,,,,,,,,,,,,,,,,,,,,,,1,,,,,,,,,,,,,,,,,,,,,,,,,,,,,,,,,,,,1,,,,,,,,,,,,,,,,,,,,,,,,,,,,,,,,,,,,,,,,,,,,,,,,,,,,,,1,,,,,,1,,,,,,,,,,,,,,,,,,26,,,36,,,0,,,21,,,,,,,,,,,,1,,,,,,6,,,,,,,,,,,,5,,,,,,13,,,,,,11,,,,,,3,,,,,,3,,,,,,6,,,,,,31,,,,,,24,,,,,,13,,,,,,16,,,,,,1,,,,,,1,,,,,,,,,,,,107,,,155,,,0,,,17,,,,,,1,,,,,,8,,,,,,6,,,,,,5,,,,,,4,,,,,,5,,,,,,2,,,,,,1,,,,,,17,,,,,,12,,,,,,,,,,,,12,,,,,,87,,,90,,,0,,,9,,,,,,2,,,,,,32,,,,,,2,,,,,,24,,,,,,,,,,,,55,,,69,,,0,,
,27021,23853,3308,1,1671,,,6,,,BL-1671-06-recto,,,23,,,January,,,30,,,January,,,4,,,,,,1,,,,,,,,,,,,,,,,,,,,,,,,,,,,,,,,,,,,,,,,,,,,,,,,,,,,,,1,,,,,,1,,,,,,1,,,,,,,,,,,,1,,,,,,,,,,,,,,,,,,1,,,,,,,,,,,,3,,,,,,,,,,,,,,,,,,,,,,,,2,,,,,,,,,,,,,,,,,,,,,,,,2,,,,,,,,,,,,1,,,,,,,,,,,,,,,,,,,,,,,,,,,,,,1,,,,,,1,,,,,,3,,,,,,,,,,,,,,,,,,,,,,,,,,,,,,,,,,,,1,,,,,,,,,,,,,,,,,,,,,,,,,,,,,,1,,,,,,,,,,,,,,,,,,,,,,,,,,,,,,1,,,,,,1,,,,,,1,,,,,,,,,,,,,,,,,,,,,,,,,,,,,,,,,,,,,,,,,,,,,,,,,,,,,,1,,,,,,1,,,,,,,,,,,,,,,,,,,,,,,,,,,,,,,,,,,,,,,,,,1,,,,,,,,,,,,,,,,,,1,,,,,,,,,,,,,,,,,,,,,,,,,,,,,,,,,,,,,,,,,,,,,,,,,,,,,,,,,,,,,,,,,,,,,,,,,,,,,,,,,,,,,,,,,,,,,,,,,,,,,,1,,,,,,,,,,,,,,,,,,1,,,,,,,,,,,,,,,,,,23,,,34,,,0,,,20,,,,,,1,,,,,,1,,,,,,2,,,,,,,,,,,,6,,,,,,5,,,,,,10,,,,,,1,,,,,,3,,,,,,4,,,,,,27,,,,,,13,,,,,,10,,,,,,13,,,,,,,,,,,,,,,,,,,,,,,,94,,,116,,,0,,,17,,,,,,1,,,,,,6,,,,,,6,,,,,,5,,,,,,7,,,,,,8,,,,,,2,,,,,,,,,,,,17,,,,,,8,,,,,,1,,,,,,31,,,,,,85,,,109,,,0,,,9,,,,,,4,,,,,,28,,,,,,,,,,,,12,,,,,,,,,,,,48,,,53,,,0,,
,27022,23854,3309,1,1671,,,7,,,BL-1671-07-recto,,,30,,,January,,,6,,,February,,,,,,,,,2,,,,,,,,,,,,2,,,,,,,,,,,,,,,,,,1,,,,,,,,,,,,,,,,,,,,,,,,,,,,,,1,,,,,,2,,,,,,1,,,,,,2,,,,,,1,,,,,,1,,,,,,,,,,,,,,,,,,,,,,,,,,,,,,,,,,,,,,,,,,4,,,,,,1,,,,,,,,,,,,1,,,,,,3,,,,,,2,,,,,,,,,,,,,,,,,,3,,,,,,,,,,,,1,,,,,,,,,,,,1,,,,,,,,,,,,,,,,,,,,,,,,,,,,,,,,,,,,2,,,,,,3,,,,,,,,,,,,,,,,,,1,,,,,,,,,,,,1,,,,,,1,,,,,,,,,,,,,,,,,,,,,,,,,,,,,,,,,,,,,,,,,,1,,,,,,,,,,,,,,,,,,,,,,,,,,,,,,4,,,,,,,,,,,,,,,,,,,,,,,,1,,,,,,2,,,,,,,,,,,,,,,,,,,,,,,,1,,,,,,,,,,,,,,,,,,,,,,,,,,,,,,1,,,,,,,,,,,,,,,,,,,,,,,,,,,,,,,,,,,,,,,,,,,,,,,,,,,,,,1,,,,,,2,,,,,,,,,,,,,,,,,,,,,,,,,,,,,,1,,,,,,,,,,,,,,,,,,4,,,,,,,,,,,,,,,,,,,,,,,,2,,,,,,31,,,57,,,0,,,20,,,,,,3,,,,,,,,,,,,5,,,,,,,,,,,,5,,,,,,18,,,,,,11,,,,,,1,,,,,,9,,,,,,5,,,,,,34,,,,,,12,,,,,,16,,,,,,19,,,,,,5,,,,,,1,,,,,,,,,,,,74,,,164,,,0,,,33,,,,,,2,,,,,,9,,,,,,3,,,,,,7,,,,,,12,,,,,,10,,,,,,6,,,,,,2,,,,,,18,,,,,,10,,,,,,3,,,,,,26,,,,,,88,,,141,,,0,,,14,,,,,,5,,,,,,35,,,,,,,,,,,,21,,,,,,,,,,,,56,,,75,,,0,,
,27053,23855,3310,1,1671,,,8,,,BL-1671-08-recto,,,6,,,February,,,13,,,February,,,,,,,,,,,,,,,,,,,,,1,,,,,,,,,,,,,,,,,,,,,,,,,,,,,,2,,,,,,2,,,,,,,,,,,,2,,,,,,2,,,,,,1,,,,,,1,,,,,,,,,,,,,,,,,,2,,,,,,,,,,,,1,,,,,,,,,,,,,,,,,,,,,,,,3,,,,,,1,,,,,,1,,,,,,,,,,,,4,,,,,,,,,,,,1,,,,,,,,,,,,1,,,,,,,,,,,,,,,,,,,,,,,,2,,,,,,2,,,,,,,,,,,,,,,,,,,,,,,,3,,,,,,1,,,,,,,,,,,,1,,,,,,,,,,,,1,,,,,,,,,,,,2,,,,,,,,,,,,1,,,,,,,,,,,,,,,,,,,,,,,,1,,,,,,,,,,,,,,,,,,,,,,,,,,,,,,2,,,,,,,,,,,,,,,,,,1,,,,,,,,,,,,1,,,,,,,,,,,,,,,,,,,,,,,,,,,,,,,,,,,,,,,,,,,,,,,,,,,,,,,,,,,,2,,,,,,1,,,,,,2,,,,,,,,,,,,,,,,,,,,,,,,,,,,,,1,,,,,,,,,,,,,,,,,,,,,,,,5,,,,,,,,,,,,,,,,,,,,,,,,,,,,,,,,,,,,,,,,,,,,,,,,2,,,,,,,,,,,,1,,,,,,,,,,,,,,,,,,28,,,57,,,0,,,24,,,,,,5,,,,,,2,,,,,,4,,,,,,1,,,,,,4,,,,,,21,,,,,,12,,,,,,5,,,,,,6,,,,,,5,,,,,,26,,,,,,19,,,,,,14,,,,,,18,,,,,,1,,,,,,1,,,,,,,,,,,,105,,,168,,,0,,,22,,,,,,2,,,,,,8,,,,,,7,,,,,,7,,,,,,8,,,,,,6,,,,,,4,,,,,,3,,,,,,18,,,,,,5,,,,,,1,,,,,,30,,,,,,85,,,121,,,0,,,11,,,,,,2,,,,,,34,,,,,,3,,,,,,16,,,,,,,,,,,,45,,,66,,,0,,
,27054,23856,3311,1,1671,,,9,,,BL-1671-09-recto,,,13,,,February,,,20,,,February,,,1,,,,,,1,,,,,,,,,,,,1,,,,,,,,,,,,,,,,,,,,,,,,,,,,,,3,,,,,,,,,,,,,,,,,,1,,,,,,2,,,,,,,,,,,,1,,,,,,1,,,,,,,,,,,,,,,,,,1,,,,,,1,,,,,,,,,,,,,,,,,,1,,,,,,2,,,,,,1,,,,,,,,,,,,,,,,,,2,,,,,,1,,,,,,1,,,,,,,,,,,,2,,,,,,,,,,,,,,,,,,,,,,,,,,,,,,2,,,,,,1,,,,,,,,,,,,,,,,,,,,,,,,1,,,,,,3,,,,,,2,,,,,,,,,,,,,,,,,,,,,,,,1,,,,,,1,,,,,,,,,,,,,,,,,,1,,,,,,1,,,,,,,,,,,,,,,,,,,,,,,,,,,,,,,,,,,,1,,,,,,,,,,,,,,,,,,,,,,,,,,,,,,,,,,,,,,,,,,,,,,,,,,,,,,,,,,,,,,,,,,1,,,,,,,,,,,,,,,,,,1,,,,,,1,,,,,,2,,,,,,,,,,,,,,,,,,,,,,,,1,,,,,,1,,,,,,,,,,,,,,,,,,,,,,,,,,,,,,2,,,,,,,,,,,,,,,,,,1,,,,,,,,,,,,,,,,,,,,,,,,,,,,,,2,,,,,,2,,,,,,,,,,,,,,,,,,,,,,,,27,,,54,,,0,,,17,,,,,,3,,,,,,,,,,,,4,,,,,,,,,,,,2,,,,,,16,,,,,,16,,,,,,,,,,,,7,,,,,,4,,,,,,29,,,,,,17,,,,,,16,,,,,,15,,,,,,2,,,,,,1,,,,,,,,,,,,92,,,149,,,0,,,31,,,,,,4,,,,,,12,,,,,,4,,,,,,3,,,,,,6,,,,,,10,,,,,,4,,,,,,2,,,,,,20,,,,,,7,,,,,,1,,,,,,31,,,,,,73,,,135,,,0,,,16,,,,,,3,,,,,,40,,,,,,2,,,,,,20,,,,,,,,,,,,42,,,81,,,0,,
,27055,23857,3312,1,1671,,,10,,,BL-1671-10-recto,,,20,,,February,,,27,,,February,,,1,,,,,,1,,,,,,1,,,,,,,,,,,,,,,,,,1,,,,,,1,,,,,,,,,,,,,,,,,,1,,,,,,,,,,,,4,,,,,,,,,,,,2,,,,,,,,,,,,,,,,,,,,,,,,,,,,,,1,,,,,,,,,,,,,,,,,,,,,,,,1,,,,,,2,,,,,,,,,,,,,,,,,,1,,,,,,1,,,,,,1,,,,,,,,,,,,1,,,,,,1,,,,,,,,,,,,,,,,,,1,,,,,,1,,,,,,2,,,,,,,,,,,,,,,,,,,,,,,,1,,,,,,,,,,,,1,,,,,,1,,,,,,,,,,,,,,,,,,,,,,,,1,,,,,,1,,,,,,,,,,,,,,,,,,,,,,,,,,,,,,1,,,,,,1,,,,,,,,,,,,,,,,,,,,,,,,,,,,,,,,,,,,,,,,,,1,,,,,,,,,,,,,,,,,,,,,,,,,,,,,,,,,,,,,,,,,,,,,,,,2,,,,,,,,,,,,,,,,,,,,,,,,1,,,,,,,,,,,,1,,,,,,,,,,,,,,,,,,,,,,,,2,,,,,,3,,,,,,,,,,,,,,,,,,,,,,,,,,,,,,,,,,,,1,,,,,,,,,,,,,,,,,,2,,,,,,,,,,,,,,,,,,,,,,,,,,,,,,3,,,,,,,,,,,,,,,,,,25,,,46,,,0,,,18,,,,,,1,,,,,,1,,,,,,5,,,,,,,,,,,,5,,,,,,21,,,,,,6,,,,,,3,,,,,,5,,,,,,4,,,,,,37,,,,,,16,,,,,,13,,,,,,24,,,,,,2,,,,,,,,,,,,,,,,,,89,,,161,,,0,,,28,,,,,,3,,,,,,13,,,,,,2,,,,,,5,,,,,,8,,,,,,11,,,,,,8,,,,,,2,,,,,,30,,,,,,10,,,,,,4,,,,,,29,,,,,,99,,,153,,,0,,,14,,,,,,,,,,,,27,,,,,,2,,,,,,14,,,,,,,,,,,,49,,,57,,,0,,
,27056,23858,3313,1,1671,,,11,,,BL-1671-11-recto,,,27,,,February,,,5,,,March,,,1,,,,,,3,,,,,,,,,,,,,,,,,,,,,,,,,,,,,,,,,,,,1,,,,,,3,,,,,,1,,,,,,,,,,,,2,,,,,,,,,,,,1,,,,,,2,,,,,,1,,,,,,,,,,,,2,,,,,,,,,,,,,,,,,,1,,,,,,,,,,,,,,,,,,2,,,,,,,,,,,,,,,,,,,,,,,,1,,,,,,1,,,,,,5,,,,,,,,,,,,,,,,,,,,,,,,,,,,,,1,,,,,,,,,,,,1,,,,,,1,,,,,,,,,,,,,,,,,,1,,,,,,2,,,,,,3,,,,,,2,,,,,,,,,,,,,,,,,,,,,,,,1,,,,,,2,,,,,,,,,,,,,,,,,,,,,,,,,,,,,,,,,,,,1,,,,,,,,,,,,,,,,,,,,,,,,,,,,,,1,,,,,,,,,,,,,,,,,,,,,,,,,,,,,,,,,,,,,,,,,,,,,,,,,,,,,,,,,,,,2,,,,,,,,,,,,,,,,,,1,,,,,,,,,,,,1,,,,,,1,,,,,,,,,,,,,,,,,,,,,,,,,,,,,,2,,,,,,,,,,,,1,,,,,,,,,,,,2,,,,,,,,,,,,,,,,,,,,,,,,,,,,,,,,,,,,,,,,,,,,,,,,1,,,,,,,,,,,,1,,,,,,,,,,,,,,,,,,23,,,55,,,0,,,18,,,,,,1,,,,,,1,,,,,,4,,,,,,,,,,,,4,,,,,,20,,,,,,10,,,,,,3,,,,,,2,,,,,,1,,,,,,34,,,,,,19,,,,,,12,,,,,,17,,,,,,,,,,,,,,,,,,,,,,,,89,,,146,,,0,,,24,,,,,,,,,,,,9,,,,,,6,,,,,,6,,,,,,11,,,,,,5,,,,,,5,,,,,,1,,,,,,11,,,,,,8,,,,,,,,,,,,32,,,,,,75,,,118,,,0,,,13,,,,,,6,,,,,,29,,,,,,3,,,,,,14,,,,,,,,,,,,35,,,65,,,0,,
,27057,23859,3314,1,1671,,,12,,,BL-1671-12-recto,,,5,,,March,,,12,,,March,,,,,,,,,1,,,,,,1,,,,,,,,,,,,,,,,,,1,,,,,,,,,,,,3,,,,,,1,,,,,,2,,,,,,1,,,,,,2,,,,,,,,,,,,,,,,,,,,,,,,,,,,,,1,,,,,,2,,,,,,1,,,,,,,,,,,,,,,,,,,,,,,,,,,,,,,,,,,,1,,,,,,,,,,,,1,,,,,,5,,,,,,,,,,,,1,,,,,,,,,,,,1,,,,,,,,,,,,,,,,,,,,,,,,1,,,,,,2,,,,,,1,,,,,,,,,,,,1,,,,,,,,,,,,,,,,,,,,,,,,3,,,,,,,,,,,,2,,,,,,1,,,,,,1,,,,,,,,,,,,,,,,,,,,,,,,1,,,,,,1,,,,,,1,,,,,,1,,,,,,,,,,,,,,,,,,,,,,,,2,,,,,,,,,,,,,,,,,,1,,,,,,,,,,,,,,,,,,1,,,,,,,,,,,,,,,,,,,,,,,,2,,,,,,1,,,,,,,,,,,,,,,,,,,,,,,,2,,,,,,1,,,,,,,,,,,,,,,,,,1,,,,,,1,,,,,,,,,,,,1,,,,,,,,,,,,,,,,,,3,,,,,,3,,,,,,1,,,,,,,,,,,,,,,,,,,,,,,,1,,,,,,,,,,,,2,,,,,,3,,,,,,1,,,,,,1,,,,,,,,,,,,,,,,,,31,,,69,,,0,,,10,,,,,,2,,,,,,,,,,,,7,,,,,,,,,,,,3,,,,,,14,,,,,,14,,,,,,3,,,,,,9,,,,,,5,,,,,,30,,,,,,15,,,,,,7,,,,,,12,,,,,,1,,,,,,1,,,,,,,,,,,,87,,,133,,,0,,,33,,,,,,7,,,,,,6,,,,,,4,,,,,,5,,,,,,9,,,,,,6,,,,,,7,,,,,,6,,,,,,19,,,,,,10,,,,,,2,,,,,,31,,,,,,81,,,145,,,0,,,13,,,,,,4,,,,,,26,,,,,,2,,,,,,11,,,,,,,,,,,,44,,,56,,,0,,
,27058,23860,3315,1,1671,,,13,,,BL-1671-13-recto,,,12,,,March,,,19,,,March,,,,,,,,,1,,,,,,1,,,,,,1,,,,,,,,,,,,,,,,,,,,,,,,2,,,,,,2,,,,,,,,,,,,,,,,,,2,,,,,,,,,,,,1,,,,,,3,,,,,,,,,,,,,,,,,,,,,,,,1,,,,,,,,,,,,2,,,,,,,,,,,,,,,,,,2,,,,,,,,,,,,,,,,,,,,,,,,1,,,,,,,,,,,,,,,,,,1,,,,,,3,,,,,,,,,,,,,,,,,,1,,,,,,2,,,,,,1,,,,,,,,,,,,1,,,,,,,,,,,,,,,,,,,,,,,,3,,,,,,,,,,,,,,,,,,,,,,,,1,,,,,,2,,,,,,,,,,,,,,,,,,,,,,,,,,,,,,1,,,,,,1,,,,,,,,,,,,,,,,,,,,,,,,,,,,,,,,,,,,,,,,,,,,,,,,,,,,,,,,,,,,1,,,,,,,,,,,,,,,,,,,,,,,,,,,,,,,,,,,,,,,,,,,,,,,,1,,,,,,,,,,,,2,,,,,,,,,,,,1,,,,,,,,,,,,,,,,,,1,,,,,,,,,,,,,,,,,,,,,,,,,,,,,,2,,,,,,4,,,,,,1,,,,,,,,,,,,,,,,,,,,,,,,2,,,,,,,,,,,,1,,,,,,,,,,,,,,,,,,,,,,,,,,,,,,,,,,,,36,,,52,,,0,,,19,,,,,,,,,,,,1,,,,,,12,,,,,,,,,,,,8,,,,,,18,,,,,,6,,,,,,,,,,,,8,,,,,,6,,,,,,25,,,,,,18,,,,,,22,,,,,,21,,,,,,,,,,,,,,,,,,,,,,,,92,,,164,,,0,,,30,,,,,,2,,,,,,7,,,,,,3,,,,,,6,,,,,,9,,,,,,7,,,,,,5,,,,,,,,,,,,15,,,,,,9,,,,,,3,,,,,,29,,,,,,97,,,125,,,0,,,11,,,,,,1,,,,,,37,,,,,,,,,,,,18,,,,,,,,,,,,53,,,67,,,0,,
,26856,23810,3222,1,1671,,,15,,,BL-1671-15-recto,,,28,,,April,,,4,,,April,,,,,,,,,2,,,,,,1,,,,,,,,,,,,,,,,,,,,,,,,1,,,,,,,,,,,,1,,,,,,,,,,,,1,,,,,,,,,,,,1,,,,,,,,,,,,1,,,,,,,,,,,,,,,,,,,,,,,,1,,,,,,1,,,,,,,,,,,,1,,,,,,,,,,,,,,,,,,,,,,,,,,,,,,,,,,,,,,,,,,,,,,,,1,,,,,,,,,,,,1,,,,,,,,,,,,1,,,,,,,,,,,,2,,,,,,,,,,,,1,,,,,,,,,,,,,,,,,,,,,,,,,,,,,,1,,,,,,,,,,,,,,,,,,,,,,,,,,,,,,,,,,,,,,,,,,,,,,,,1,,,,,,,,,,,,,,,,,,,,,,,,1,,,,,,,,,,,,,,,,,,,,,,,,,,,,,,,,,,,,,,,,,,,,,,,,,,,,,,,,,,,,,,,,,,1,,,,,,,,,,,,,,,,,,,,,,,,1,,,,,,,,,,,,,,,,,,,,,,,,,,,,,,,,,,,,,,,,,,,,,,,,,,,,,,,,,,,,,,,,,,1,,,,,,,,,,,,,,,,,,,,,,,,,,,,,,,,,,,,,,,,,,,,,,,,,,,,,,1,,,,,,,,,,,,,,,,,,1,,,,,,,,,,,,,,,,,,,,,,,,,,,,,,14,,,25,,,0,,,17,,,,,,2,,,,,,1,,,,,,4,,,,,,,,,,,,6,,,,,,5,,,,,,10,,,,,,,1,,,1,,3,,,,,,6,,,,,,21,,,,,,13,,,,,,11,,,,,,16,,,,,,3,,,,,,,,,,,,,,,,,,84,,,118,,,0,,,20,,,,,,2,,,,,,7,,,,,,5,,,,,,6,,,,,,9,,,,,,6,,,,,,5,,,,,,3,,,,,,9,,,,,,,1,,,1,,2,,,,,,24,,,,,,95,,,98,,,0,,,8,,,,,,4,,,,,,27,,,,,,2,,,,,,22,,,,,,,,,,,,39,,,63,,,0,,
,26857,23811,3223,1,1671,,,16,,,BL-1671-16-recto,,,4,,,April,,,11,,,April,,,,,,,,,1,,,,,,,,,,,,,,,,,,,,,,,,,,,,,,1,,,,,,1,,,,,,2,,,,,,1,,,,,,,,,,,,2,,,,,,1,,,,,,2,,,,,,,,,,,,,,,,,,,,,,,,,,,,,,,,,,,,,,,,,,,,,,,,,,,,,,,,,,,,3,,,,,,,,,,,,,,,,,,,,,,,,,,,,,,,,,,,,,,,,,,,,,,,,1,,,,,,,,,,,,,,,,,,,,,,,,,,,,,,1,,,,,,1,,,,,,,,,,,,1,,,,,,,,,,,,,,,,,,3,,,,,,,,,,,,,,,,,,,,,,,,,,,,,,,,,,,,3,,,,,,,,,,,,,,,,,,,,,,,,1,,,,,,1,,,,,,1,,,,,,,,,,,,,,,,,,,,,,,,1,,,,,,,,,,,,,,,,,,,,,,,,,,,,,,1,,,,,,,,,,,,1,,,,,,,,,,,,1,,,,,,1,,,,,,,,,,,,,,,,,,,,,,,,,,,,,,,,,,,,,,,,,,1,,,,,,,,,,,,,,,,,,,,,,,,,,,,,,,,,,,,,,,,,,,,,,,,,,,,,,,,,,,,1,,,,,,,,,,,,,,,,,,,,,,,,,,,,,,,,,,,,1,,,,,,3,,,,,,,,,,,,1,,,,,,,,,,,,,,,,,,20,,,39,,,0,,,13,,,,,,,,,,,,2,,,,,,1,,,,,,,,,,,,2,,,,,,14,,,,,,6,,,,,,,1,,,1,,1,,,,,,3,,,,,,22,,,,,,10,,,,,,14,,,,,,18,,,,,,,,,,,,,,,,,,,,,,,,90,,,106,,,0,,,19,,,,,,,,,,,,8,,,,,,3,,,,,,5,,,,,,5,,,,,,13,,,,,,4,,,,,,4,,,,,,13,,,,,,,,,,,,2,,,,,,21,,,,,,84,,,97,,,0,,,4,,,,,,6,,,,,,27,,,,,,1,,,,,,17,,,,,,,,,,,,45,,,55,,,0,,
,26858,23812,3224,1,1671,,,17,,,BL-1671-17-recto,,,11,,,April,,,18,,,April,,,1,,,,,,2,,,,,,,,,,,,2,,,,,,,,,,,,1,,,,,,,,,,,,,,,,,,,,,,,,,,,,,,,,,,,,2,,,,,,1,,,,,,2,,,,,,,,,,,,,,,,,,,,,,,,,,,,,,,,,,,,,,,,,,,,,,,,,,,,,,,,,,,,1,,,,,,,,,,,,,,,,,,,,,,,,1,,,,,,,,,,,,2,,,,,,,,,,,,1,,,,,,,,,,,,1,,,,,,1,,,,,,,,,,,,,,,,,,,,,,,,,,,,,,,,,,,,,,,,,,,,,,,,,,,,,,,,,,,,,,,,,,,,,,,,,,,,,,1,,,,,,,,,,,,,,,,,,1,,,,,,,,,,,,,,,,,,,,,,,,,,,,,,1,,,,,,,,,,,,,,,,,,,,,,,,,,,,,,,,,,,,,,,,,,,,,,,,,,,,,,,,,,,,,,,,,,,,,,,,,,,,,,,,,,,,,,,,,,,,,,,,,,,,,,,,,,,,,,,,,,,,,,,,1,,,,,,,,,,,,,,,,,,1,,,,,,2,,,,,,1,,,,,,,,,,,,,,,,,,,,,,,,1,,,,,,,,,,,,,,,,,,,,,,,,,,,,,,,,,,,,,,,,,,2,,,,,,,,,,,,1,,,,,,,,,,,,,,,,,,,,,,,,13,,,30,,,0,,,13,,,,,,,,,,,,,,,,,,2,,,,,,,,,,,,4,,,,,,9,,,,,,4,,,,,,,1,,,1,,4,,,,,,5,,,,,,23,,,,,,8,,,,,,11,,,,,,9,,,,,,1,,,,,,1,,,,,,,,,,,,94,,,94,,,0,,,10,,,,,,3,,,,,,10,,,,,,2,,,,,,7,,,,,,3,,,,,,7,,,,,,1,,,,,,3,,,,,,6,,,,,,6,,,,,,,,,,,,19,,,,,,99,,,77,,,0,,,4,,,,,,3,,,,,,16,,,,,,,,,,,,18,,,,,,,,,,,,58,,,41,,,0,,
,26859,23813,3225,1,1671,,,18,,,BL-1671-18-recto,,,18,,,April,,,25,,,April,,,1,,,,,,2,,,,,,,,,,,,1,,,,,,,,,,,,,,,,,,,,,,,,,,,,,,1,,,,,,,,,,,,,,,,,,1,,,,,,1,,,,,,1,,,,,,2,,,,,,,,,,,,,,,,,,,,,,,,,,,,,,,,,,,,,,,,,,,,,,,,,,,,,,,,,,,,,,,,,,,,,,,,,,,,,,1,,,,,,,,,,,,,,,,,,,,,,,,1,,,,,,,,,,,,,,,,,,,,,,,,,,,,,,,,,,,,,,,,,,,,,,,,,,,,,,,,,,,,,,,,,,2,,,,,,,,,,,,,,,,,,,,,,,,,,,,,,,,,,,,1,,,,,,,,,,,,,,,,,,,,,,,,,,,,,,,,,,,,,,,,,,1,,,,,,,,,,,,,,,,,,,,,,,,,,,,,,1,,,,,,,,,,,,,,,,,,,,,,,,,,,,,,,,,,,,,,,,,,,,,,,,,,,,,,2,,,,,,,,,,,,,,,,,,,,,,,,2,,,,,,,,,,,,,,,,,,,,,,,,,,,,,,2,,,,,,4,,,,,,,,,,,,,,,,,,,,,,,,,,,,,,1,,,,,,1,,,,,,,,,,,,,,,,,,,,,,,,,,,,,,,,,,,,,,,,,,3,,,,,,1,,,,,,,,,,,,,,,,,,,,,,,,22,,,33,,,0,,,19,,,,,,1,,,,,,,,,,,,3,,,,,,,,,,,,1,,,,,,6,,,,,,8,,,,,,,1,,,1,,,,,,,,4,,,,,,25,,,,,,16,,,,,,12,,,,,,8,,,,,,,,,,,,,,,,,,,,,,,,90,,,103,,,0,,,17,,,,,,4,,,,,,7,,,,,,2,,,,,,4,,,,,,2,,,,,,9,,,,,,6,,,,,,3,,,,,,14,,,,,,6,,,,,,4,,,,,,29,,,,,,83,,,107,,,0,,,8,,,,,,1,,,,,,21,,,,,,,,,,,,19,,,,,,,,,,,,44,,,49,,,0,,
,26860,23814,3226,1,1671,,,19,,,BL-1671-19-recto,,,25,,,April,,,2,,,May,,,1,,,,,,1,,,,,,,,,,,,1,,,,,,,,,,,,2,,,,,,,,,,,,,,,,,,2,,,,,,1,,,,,,,,,,,,1,,,,,,,,,,,,,,,,,,,,,,,,,,,,,,,,,,,,,,,,,,1,,,,,,,,,,,,,,,,,,1,,,,,,,,,,,,1,,,,,,,,,,,,1,,,,,,,,,,,,1,,,,,,1,,,,,,,,,,,,,,,,,,1,,,,,,,,,,,,,,,,,,,,,,,,,,,,,,,,,,,,,,,,,,,,,,,,,,,,,,,,,,,,,,,,,,,,,,,,1,,,,,,,,,,,,,,,,,,,,,,,,,,,,,,,,,,,,,,,,,,,,,,,,,,,,,,,,,,,,,,,,,,,,,,,,,,,,,,,,,,,,,,,,,,,,,,,,,,,,,,,,,,,,,,,,,,,,,,,,,,,,,,,,,,,,,,,,,,2,,,,,,,,,,,,,,,,,,,,,,,,,,,,,,,,,,,,,,,,,,1,,,,,,1,,,,,,,,,,,,,,,,,,,,,,,,,,,,,,,,,,,,1,,,,,,2,,,,,,,,,,,,,,,,,,1,,,,,,,,,,,,,,,,,,,,,,,,,,,,,,,,,,,,,,,,,,,,,,,,2,,,,,,,,,,,,,,,,,,,,,,,,,,,,,,16,,,27,,,0,,,15,,,,,,1,,,,,,1,,,,,,,,,,,,1,,,,,,4,,,,,,7,,,,,,3,,,,,,,1,,,1,,1,,,,,,5,,,,,,16,,,,,,13,,,,,,11,,,,,,8,,,,,,2,,,,,,,,,,,,,,,,,,79,,,88,,,0,,,21,,,,,,3,,,,,,6,,,,,,4,,,,,,5,,,,,,10,,,,,,7,,,,,,3,,,,,,3,,,,,,14,,,,,,9,,,,,,2,,,,,,35,,,,,,98,,,122,,,0,,,9,,,,,,1,,,,,,35,,,,,,2,,,,,,17,,,,,,,,,,,,40,,,64,,,0,,
,26891,23815,3227,1,1671,,,20,,,BL-1671-20-recto,,,2,,,May,,,9,,,May,,,,,,,,,,,,,,,,,,,,,,,,,,,,,,,,,,,,,,,,,,,,,,,,,,,2,,,,,,,,,,,,,,,,,,2,,,,,,,,,,,,,,,,,,2,,,,,,1,,,,,,,,,,,,,,,,,,1,,,,,,,,,,,,,,,,,,,,,,,,1,,,,,,,,,,,,,,,,,,1,,,,,,1,,,,,,1,,,,,,,,,,,,,,,,,,,,,,,,1,,,,,,,,,,,,,,,,,,,,,,,,,,,,,,,,,,,,,,,,,,,,,,,,,,,,,,,,,,,,1,,,,,,3,,,,,,,,,,,,,,,,,,,,,,,,,,,,,,,,,,,,,,,,,,,,,,,,,,,,,,,,,,,,1,,,,,,,,,,,,,,,,,,,,,,,,,,,,,,1,,,,,,,,,,,,,,,,,,,,,,,,,,,,,,,,,,,,,,,,,,,,,,,,,,,,,,,,,,,,2,,,,,,,,,,,,,,,,,,,,,,,,,,,,,,,,,,,,1,,,,,,2,,,,,,1,,,,,,,,,,,,,,,,,,,,,,,,1,,,,,,,,,,,,,,,,,,,,,,,,,,,,,,,,,,,,,,,,,,,,,,,,,,,,,,,,,,,,,,,,,,,,,,,,,,,,,,1,,,,,,1,,,,,,1,,,,,,,,,,,,,,,,,,17,,,29,,,0,,,12,,,,,,,,,,,,,,,,,,1,,,,,,,,,,,,4,,,,,,9,,,,,,8,,,,,,,1,,,1,,,,,,,,4,,,,,,13,,,,,,20,,,,,,13,,,,,,10,,,,,,,,,,,,,,,,,,,,,,,,80,,,94,,,0,,,17,,,,,,1,,,,,,8,,,,,,6,,,,,,4,,,,,,5,,,,,,6,,,1,,,3,,,,,,2,,,,,,12,,,,,,5,,,,,,,,,,,,28,,,,,,66,,,97,,,1,,,4,,,,,,2,,,,,,22,,,,,,1,,,,,,17,,,,,,,,,,,,48,,,46,,,0,,
,26892,23816,3228,1,1671,,,21,,,BL-1671-21-recto,,,9,,,May,,,16,,,May,,,,,,,,,1,,,,,,,,,,,,,,,,,,,,,,,,,,,,,,,,,,,,1,,,,,,1,,,,,,1,,,,,,,,,,,,2,,,,,,1,,,,,,,,,,,,1,,,,,,,,,,,,,,,,,,,,,,,,,,,,,,,,,,,,,,,,,,,,,,,,,,,,,,1,,,,,,,,,,,,,,,,,,,,,,,,1,,,,,,,,,,,,2,,,,,,1,,,,,,1,,,,,,,,,,,,1,,,,,,,,,,,,,,,,,,1,,,,,,1,,,,,,,,,,,,,,,,,,,,,,,,,,,,,,3,,,,,,,,,,,,,,,,,,,,,,,,,,,,,,,,,,,,,,,,,,,,,,,,,,,,,,,,,,,,,,,,,,,,,,,,,,,,,,1,,,,,,,,,,,,,,,,,,,,,,,,,,,,,,,,,,,,,,,,,,,,,,,,,,,,,,,,,,,,,,,,,,2,,,,,,,,,,,,1,,,,,,,,,,,,,,,,,,,,,,,,,,,,,,,,,,,,,,,,,,,,,,,,,,,,,,,,,,,,,,,,,,,,,,,,,,,,,,1,,,,,,,,,,,,,,,,,,1,,,,,,,,,,,,,,,,,,,,,,,,,,,,,,1,,,,,,1,,,,,,,,,,,,1,,,,,,,,,,,,1,,,,,,,,,,,,,,,,,,13,,,30,,,0,,,7,,,,,,1,,,,,,,,,,,,2,,,,,,,,,,,,1,,,,,,9,,,,,,8,,,,,,,1,,,1,,2,,,,,,6,,,,,,20,,,,,,14,,,,,,7,,,,,,13,,,,,,1,,,,,,,,,,,,,,,,,,88,,,91,,,0,,,21,,,,,,2,,,,,,10,,,,,,2,,,,,,6,,,,,,7,,,,,,3,,,,,,4,,,,,,3,,,,,,10,,,,,,6,,,,,,3,,,,,,27,,,,,,101,,,104,,,0,,,7,,,,,,3,,,,,,27,,,,,,2,,,,,,17,,,,,,,,,,,,53,,,56,,,0,,
,26893,23817,3229,1,1671,,,22,,,BL-1671-22-recto,,,16,,,May,,,23,,,May,,,,,,,,,1,,,,,,,,,,,,,,,,,,,,,,,,,,,,,,,,,,,,,,,,,,,,,,,,,,,,,,,,,,,,,,,,,,1,,,,,,1,,,,,,1,,,,,,1,,,,,,,,,,,,,,,,,,,,,,,,1,,,,,,,,,,,,,,,,,,,,,,,,,,,,,,,,,,,,,,,,,,1,,,,,,1,,,,,,,,,,,,1,,,,,,,,,,,,,,,,,,,,,,,,,,,,,,,,,,,,,,,,,,1,,,,,,1,,,,,,,,,,,,,,,,,,,,,,,,,,,,,,1,,,,,,1,,,,,,,,,,,,,,,,,,,,,,,,2,,,,,,1,,,,,,,,,,,,,,,,,,,,,,,,1,,,,,,,,,,,,,,,,,,,,,,,,,,,,,,,,,,,,,,,,,,,,,,,,,,,,,,,,,,,,,,,,,,,,,,,,,,,,,,,,,,,,,,,,,,1,,,,,,,,,,,,,,,,,,,,,,,,,,,,,,,,,,,,1,,,,,,1,,,,,,,,,,,,,,,,,,,,,,,,1,,,,,,1,,,,,,3,,,,,,,,,,,,,,,,,,,,,,,,,,,,,,,,,,,,,,,,,,,,,,,,,,,,,,,,,,,,,,,,,,1,,,,,,,,,,,,,,,,,,,,,,,,,,,,,,,,,,,,15,,,26,,,0,,,12,,,,,,1,,,,,,,,,,,,,,,,,,,,,,,,2,,,,,,10,,,,,,7,,,,,,,1,,,1,,5,,,,,,4,,,,,,17,,,,,,14,,,,,,7,,,,,,12,,,,,,2,,,,,,,,,,,,,,,,,,75,,,93,,,0,,,12,,,,,,1,,,,,,6,,,,,,5,,,,,,3,,,,,,5,,,,,,2,,,,,,3,,,,,,1,,,,,,13,,,,,,12,,,,,,5,,,,,,17,,,,,,79,,,85,,,0,,,10,,,,,,,,,,,,21,,,,,,1,,,,,,14,,,,,,,,,,,,40,,,46,,,0,,
,26894,23818,3230,1,1671,,,23,,,BL-1671-23-recto,,,23,,,May,,,30,,,May,,,,,,,,,1,,,,,,,,,,,,,,,,,,,,,,,,,,,,,,,,,,,,,,,,,,3,,,,,,,,,,,,,,,,,,1,,,,,,,,,,,,,,,,,,1,,,,,,1,,,,,,,,,,,,,,,,,,,,,,,,,,,,,,,,,,,,,,,,,,,,,,,,,,,,,,1,,,,,,1,,,,,,,,,,,,3,,,,,,,,,,,,,,,,,,,,,,,,,,,,,,,,,,,,,,,,,,,,,,,,,,,,,,,,,,,,,,,,,,2,,,,,,,,,,,,,,,,,,1,,,,,,,,,,,,1,,,,,,,,,,,,,,,,,,,,,,,,,,,,,,,,,,,,,,,,,,,,,,,,,,,,,,2,,,,,,2,,,,,,,,,,,,1,,,,,,,,,,,,,,,,,,,,,,,,,,,,,,2,,,,,,,,,,,,,,,,,,,,,,,,,,,,,,,,,,,,,,,,,,,,,,,,,,,,,,,,,,,,,,,,,,1,,,,,,,,,,,,,,,,,,,,,,,,,,,,,,,,,,,,,,,,,,1,,,,,,1,,,,,,,,,,,,,,,,,,,,,,,,,,,,,,1,,,,,,,,,,,,,,,,,,,,,,,,,,,,,,,,,,,,,,,,,,,,,,,,2,,,,,,,,,,,,2,,,,,,,,,,,,,,,,,,10,,,31,,,0,,,7,,,,,,1,,,,,,1,,,,,,3,,,,,,,,,,,,1,,,,,,9,,,,,,6,,,,,,,1,,,1,,1,,,,,,5,,,,,,14,,,,,,12,,,,,,15,,,,,,7,,,,,,3,,,,,,,,,,,,,,,,,,75,,,85,,,0,,,14,,,,,,1,,,,,,4,,,,,,4,,,,,,1,,,,,,2,,,,,,5,,,,,,,,,,,,,,,,,,17,,,,,,6,,,,,,2,,,,,,15,,,,,,65,,,71,,,0,,,5,,,,,,,,,,,,19,,,,,,1,,,,,,17,,,,,,,,,,,,42,,,42,,,0,,
,26895,23819,3231,1,1671,,,24,,,BL-1671-24-recto,,,30,,,May,,,6,,,June,,,3,,,,,,,,,,,,,,,,,,,,,,,,,,,,,,,,,,,,,,,,,,1,,,,,,,,,,,,,,,,,,,,,,,,,,,,,,,,,,,,,,,,,,2,,,,,,,,,,,,,,,,,,,,,,,,,,,,,,,,,,,,,,,,,,,,,,,,,,,,,,7,,,,,,,,,,,,,,,,,,,,,,,,,,,,,,,,,,,,2,,,,,,1,,,,,,,,,,,,,,,,,,,,,,,,,,,,,,,,,,,,1,,,,,,,,,,,,,,,,,,,,,,,,,,,,,,,,,,,,1,,,,,,,,,,,,,,,,,,,,,,,,,,,,,,2,,,,,,,,,,,,,,,,,,,,,,,,,,,,,,,,,,,,,,,,,,1,,,,,,,,,,,,,,,,,,,,,,,,1,,,,,,,,,,,,,,,,,,,,,,,,,,,,,,,,,,,,,,,,,,,,,,,,,,,,,,,,,,,,,,,,,,,,,,,,,,,,,,,,,,,,1,,,,,,,,,,,,,,,,,,,,,,,,,,,,,,,,,,,,,,,,,,,,,,,,1,,,,,,,,,,,,,,,,,,,,,,,,1,,,,,,,,,,,,,,,,,,,,,,,,,,,,,,,,,,,,,,,,,,1,,,,,,2,,,,,,1,,,,,,1,,,,,,,,,,,,,,,,,,16,,,30,,,0,,,7,,,,,,1,,,,,,2,,,,,,3,,,,,,,,,,,,3,,,,,,8,,,,,,2,,,,,,,1,,,1,,3,,,,,,4,,,,,,18,,,,,,8,,,,,,9,,,,,,8,,,,,,,,,,,,,,,,,,,,,,,,73,,,76,,,0,,,17,,,,,,2,,,,,,4,,,,,,2,,,,,,4,,,,,,9,,,,,,8,,,,,,2,,,,,,2,,,,,,10,,,,,,5,,,,,,4,,,,,,25,,,,,,73,,,94,,,0,,,8,,,,,,1,,,,,,18,,,,,,2,,,,,,19,,,,,,,,,,,,43,,,48,,,0,,
,26896,23820,3232,1,1671,,,25,,,BL-1671-25-recto,,,6,,,June,,,13,,,June,,,,,,,,,,,,,,,,,,,,,,,,,,,,,,,,,,,,,,,,,,,,,,,,,,,2,,,,,,,,,,,,,,,,,,,,,,,,,,,,,,,,,,,,1,,,,,,,,,,,,,,,,,,,,,,,,,,,,,,,,,,,,,,,,,,,,,,,,,,,,,,,,,,,,,,,,,,,,,,,,,,,,,,1,,,,,,,,,,,,,,,,,,,,,,,,,,,,,,,,,,,,,,,,,,,,,,,,,,,,,,,,,,,,1,,,,,,,,,,,,,,,,,,,,,,,,,,,,,,1,,,,,,,,,,,,,,,,,,,,,,,,,,,,,,,,,,,,,,,,,,,,,,,,,,,,,,,,,,,,,,,,,,,,,,,,,,,,,,1,,,,,,,,,,,,,,,,,,,,,,,,,,,,,,,,,,,,,,,,,,,,,,,,,,,,,,,,,,,,2,,,,,,,,,,,,1,,,,,,,,,,,,,,,,,,,,,,,,,,,,,,1,,,,,,,,,,,,,,,,,,,,,,,,,,,,,,,,,,,,,,,,,,,,,,,,,,,,,,,,,,,,1,,,,,,,,,,,,1,,,,,,,,,,,,,,,,,,,,,,,,,,,,,,,,,,,,,,,,,,,,,,,,1,,,,,,,,,,,,1,,,,,,,,,,,,2,,,,,,14,,,17,,,0,,,18,,,,,,,,,,,,,,,,,,5,,,,,,,,,,,,1,,,,,,13,,,,,,5,,,,,,,1,,,1,,2,,,,,,2,,,,,,18,,,,,,6,,,,,,10,,,,,,6,,,,,,,,,,,,,,,,,,,,,,,,86,,,86,,,0,,,15,,,,,,,,,,,,5,,,,,,2,,,,,,2,,,,,,7,,,,,,6,,,,,,5,,,,,,3,,,,,,9,,,,,,3,,,,,,,,,,,,21,,,,,,83,,,78,,,0,,,7,,,,,,4,,,,,,15,,,,,,1,,,,,,11,,,,,,,,,,,,38,,,38,,,0,,
,26897,23821,3233,1,1671,,,26,,,BL-1671-26-recto,,,13,,,June,,,20,,,June,,,,,,,,,1,,,,,,,,,,,,,,,,,,,,,,,,,,,,,,,,,,,,,,,,,,1,,,,,,,,,,,,,,,,,,1,,,,,,1,,,,,,1,,,,,,,,,,,,,,,,,,,,,,,,,,,,,,,,,,,,2,,,,,,,,,,,,,,,,,,,,,,,,1,,,,,,,,,,,,,,,,,,,,,,,,2,,,,,,,,,,,,,,,,,,1,,,,,,2,,,,,,,,,,,,1,,,,,,1,,,,,,,,,,,,4,,,,,,,,,,,,,,,,,,,,,,,,,,,,,,,,,,,,3,,,,,,,,,,,,,,,,,,,,,,,,,,,,,,,,,,,,,,,,,,,,,,,,,,,,,,,,,,,,,,,,,,,,,,,,,,,,,,,,,,,,,,,,,,,,,,,,,,,,,,,,,,,,1,,,,,,,,,,,,,,,,,,,,,,,,,,,,,,,,,,,,,,,,,,1,,,,,,2,,,,,,,,,,,,,,,,,,,,,,,,1,,,,,,,,,,,,1,,,,,,,,,,,,,,,,,,,,,,,,,,,,,,,,,,,,1,,,,,,,,,,,,,,,,,,,,,,,,1,,,,,,1,,,,,,,,,,,,,,,,,,,,,,,,,,,,,,,,,,,,,,,,,,2,,,,,,,,,,,,,,,,,,,,,,,,,,,,,,14,,,33,,,0,,,12,,,,,,,,,,,,,,,,,,2,,,,,,,,,,,,2,,,,,,12,,,,,,1,,,,,,,1,,,1,,2,,,,,,7,,,,,,20,,,,,,11,,,,,,12,,,,,,8,,,,,,,,,,,,,,,,,,,,,,,,83,,,89,,,0,,,10,,,,,,1,,,,,,7,,,,,,5,,,,,,2,,,,,,8,,,,,,7,,,,,,1,,,,,,2,,,,,,15,,,,,,3,,,,,,1,,,,,,32,,,,,,72,,,94,,,0,,,10,,,,,,,,,,,,15,,,,,,3,,,,,,12,,,,,,,,,,,,44,,,40,,,0,,
,26898,23822,3234,1,1671,,,27,,,BL-1671-27-recto,,,20,,,June,,,27,,,June,,,1,,,,,,1,,,,,,,,,,,,3,,,,,,,,,,,,,,,,,,,,,,,,,,,,,,1,,,,,,1,,,,,,,,,,,,3,,,,,,,,,,,,,,,,,,,,,,,,,,,,,,,,,,,,,,,,,,,,,,,,,,,,,,,,,,,,,,,,,,,,,,,,,,,,,,,,,,,,,,,,,,,,,,,,,,,,,,,,,,,,,,,,,,,,,,,,,,,,,,1,,,,,,,,,,,,1,,,,,,,,,,,,2,,,,,,,,,,,,,,,,,,,,,,,,,,,,,,2,,,,,,,,,,,,,,,,,,,,,,,,1,,,,,,,,,,,,,,,,,,,,,,,,1,,,,,,,,,,,,,,,,,,1,,,,,,,,,,,,,,,,,,,,,,,,,,,,,,,,,,,,,,,,,,,,,,,,,,,,,,,,,,,,,,,,,,1,,,,,,,,,,,,1,,,,,,,,,,,,,,,,,,,,,,,,,,,,,,,,,,,,,,,,,,,,,,,,2,,,,,,,,,,,,1,,,,,,,,,,,,,,,,,,1,,,,,,,,,,,,1,,,,,,,,,,,,,,,,,,,,,,,,1,,,,,,,,,,,,,,,,,,,,,,,,,,,,,,,,,,,,,,,,,,,,,,,,3,,,,,,,,,,,,,,,,,,,,,,,,1,,,,,,26,,,31,,,0,,,21,,,,,,1,,,,,,1,,,,,,4,,,,,,,,,,,,2,,,,,,14,,,,,,4,,,,,,,1,,,1,,2,,,,,,,,,,,,19,,,,,,10,,,,,,16,,,,,,14,,,,,,1,,,,,,,,,,,,,,,,,,89,,,109,,,0,,,17,,,,,,1,,,,,,5,,,,,,5,,,,,,4,,,,,,9,,,,,,6,,,,,,5,,,,,,1,,,,,,18,,,,,,6,,,,,,5,,,,,,24,,,,,,81,,,106,,,0,,,8,,,,,,2,,,,,,22,,,,,,1,,,,,,13,,,,,,,,,,,,48,,,46,,,0,,
,26899,23823,3235,1,1671,,,28,,,BL-1671-28-recto,,,27,,,June,,,4,,,July,,,,,,,,,4,,,,,,,,,,,,,,,,,,,,,,,,1,,,,,,2,,,,,,,,,,,,,,,,,,,,,,,,,,,,,,1,,,,,,,,,,,,,,,,,,2,,,,,,2,,,,,,,,,,,,,,,,,,,,,,,,,,,,,,,,,,,,,,,,,,,,,,,,2,,,,,,,,,,,,,,,,,,2,,,,,,1,,,,,,,,,,,,1,,,,,,,,,,,,1,,,,,,,,,,,,,,,,,,,,,,,,,,,,,,1,,,,,,,,,,,,,,,,,,,,,,,,,,,,,,2,,,,,,1,,,,,,,,,,,,,,,,,,,,,,,,,,,,,,1,,,,,,,,,,,,,,,,,,,,,,,,1,,,,,,1,,,,,,1,,,,,,,,,,,,,,,,,,,,,,,,,,,,,,,,,,,,,,,,,,,,,,,,,,,,,,,,,,,,,,,,,,,,,,,,,,,,,,,,,,,,,,,,,,,,,,,,,,,,,,,,,,,,,,,,,,,,,,,,,,,,,,,,,,,,,,,,,,,,,,,,,,,,,,,,,,,,1,,,,,,,,,,,,,,,,,,,,,,,,,,,,,,,,,,,,,,,,,,,,,,,,,,,,,,,,,,,,1,,,,,,,,,,,,,,,,,,3,,,,,,,,,,,,1,,,,,,,,,,,,,,,,,,29,,,33,,,0,,,12,,,,,,,,,,,,,,,,,,3,,,,,,2,,,,,,2,,,,,,13,,,,,,6,,,,,,,1,,,1,,4,,,,,,6,,,,,,27,,,,,,14,,,,,,17,,,,,,9,,,,,,,,,,,,,,,,,,,,,,,,88,,,115,,,0,,,22,,,,,,,,,,,,4,,,,,,7,,,,,,9,,,,,,10,,,,,,6,,,,,,4,,,,,,1,,,,,,13,,,,,,7,,,,,,,,,,,,22,,,,,,77,,,105,,,0,,,8,,,,,,2,,,,,,19,,,,,,1,,,,,,15,,,,,,,,,,,,57,,,45,,,0,,
,26900,23824,3261,1,1671,,,29,,,BL-1671-29-recto,,,4,,,July,,,11,,,July,,,,,,,,,1,,,,,,1,,,,,,,,,,,,,,,,,,,,,,,,,,,,,,,,,,,,1,,,,,,,,,,,,,,,,,,,,,,,,,,,,,,,,,,,,1,,,,,,1,,,,,,1,,,,,,,,,,,,,,,,,,,,,,,,1,,,,,,,,,,,,,,,,,,1,,,,,,,,,,,,,,,,,,,,,,,,1,,,,,,,,,,,,,,,,,,2,,,,,,,,,,,,,,,,,,,,,,,,,,,,,,,,,,,,,,,,,,,,,,,,,,,,,,1,,,,,,,,,,,,2,,,,,,,,,,,,,,,,,,,,,,,,,,,,,,,,,,,,,,,,,,1,,,,,,,,,,,,,,,,,,,,,,,,,,,,,,,,,,,,,,,,,,,,,,,,,,,,,,,,,,,,,,,,,,,,,,,,,,,,,,,,,,,,,,,,,,,,,,,,,,,,,,,,,,,,,,,,,,,,,,,,,,,,,,,,,,,,,,,,,,,,,,,,,,,,,,,,,,,,,,,,,,1,,,,,,,,,,,,,,,,,,,,,,,,,,,,,,,,,,,,,,,,,,,,,,,,,,,,,,,,,,,,1,,,,,,,,,,,,,,,,,,,,,,,,,,,,,,,,,,,,,,,,,,,,,,,,1,,,,,,,,,,,,,,,,,,,,,,,,26,,,18,,,0,,,15,,,,,,2,,,,,,,,,,,,4,,,,,,1,,,,,,,,,,,,10,,,,,,9,,,,,,,1,,,1,,5,,,,,,1,,,,,,23,,,,,,14,,,,,,15,,,,,,7,,,,,,1,,,,,,,,,,,,,,,,,,92,,,107,,,0,,,21,,,,,,2,,,,,,5,,,,,,3,,,,,,3,,,,,,9,,,,,,18,,,,,,3,,,,,,1,,,,,,18,,,,,,7,,,,,,2,,,,,,24,,,,,,88,,,116,,,0,,,9,,,,,,3,,,,,,19,,,,,,2,,,,,,8,,,,,,,,,,,,49,,,41,,,0,,
,26933,23825,3262,1,1671,,,30,,,BL-1671-30-recto,,,11,,,July,,,18,,,July,,,2,,,,,,1,,,,,,,,,,,,,,,,,,,,,,,,,,,,,,1,,,,,,,,,,,,,,,,,,,,,,,,,,,,,,1,,,,,,3,,,,,,,,,,,,3,,,,,,,,,,,,,,,,,,,,,,,,,,,,,,,,,,,,1,,,,,,,,,,,,,,,,,,3,,,,,,,,,,,,,,,,,,,,,,,,2,,,,,,,,,,,,,,,,,,,,,,,,1,,,,,,,,,,,,,,,,,,,,,,,,,,,,,,3,,,,,,,,,,,,,,,,,,1,,,,,,,,,,,,3,,,,,,,,,,,,,,,,,,1,,,,,,,,,,,,,,,,,,,,,,,,1,,,,,,,,,,,,,,,,,,,,,,,,,,,,,,,,,,,,,,,,,,,,,,,,,,,,,,,,,,,,,,,,,,,,,,,,,,,,,,,,,,,,,,,,,,,,,,,,,,,,,,,,,,,,,,,,,,,,,,,,,,,,,,,,,,,,,,,,,,,,,,,,1,,,,,,,,,,,,1,,,,,,2,,,,,,,,,,,,1,,,,,,,,,,,,,,,,,,,,,,,,,,,,,,,,,,,,,,,,,,3,,,,,,,,,,,,,,,,,,,,,,,,,,,,,,,,,,,,,,,,,,1,,,,,,,,,,,,1,,,,,,1,,,,,,,,,,,,,,,,,,24,,,38,,,0,,,17,,,,,,3,,,,,,1,,,,,,3,,,,,,1,,,,,,3,,,,,,16,,,,,,7,,,,,,,1,,,1,,5,,,,,,4,,,,,,27,,,,,,18,,,,,,16,,,,,,11,,,,,,2,,,,,,,,,,,,,,,,,,89,,,134,,,0,,,16,,,,,,,,,,,,8,,,,,,5,,,,,,6,,,,,,8,,,,,,8,,,,,,5,,,,,,3,,,,,,17,,,,,,9,,,,,,1,,,,,,30,,,,,,78,,,116,,,0,,,5,,,,,,2,,,,,,21,,,,,,2,,,,,,20,,,,,,,,,,,,45,,,50,,,0,,
,26934,23826,3263,1,1671,,,31,,,BL-1671-31-recto,,,18,,,July,,,28,,,July,,,2,,,,,,1,,,,,,1,,,,,,,,,,,,,,,,,,,,,,,,2,,,,,,,,,,,,1,,,,,,,,,,,,,,,,,,,,,,,,1,,,,,,1,,,,,,1,,,,,,1,,,,,,,,,,,,,,,,,,,,,,,,,,,,,,1,,,,,,,,,,,,,,,,,,3,,,,,,1,,,,,,,,,,,,,,,,,,2,,,,,,,,,,,,,,,,,,,,,,,,,,,,,,,,,,,,,,,,,,1,,,,,,,,,,,,,,,,,,2,,,,,,,,,,,,,,,,,,,,,,,,,,,,,,1,,,,,,,,,,,,,,,,,,2,,,,,,,,,,,,,,,,,,,,,,,,,,,,,,,,,,,,,,,,,,,,,,,,1,,,,,,,,,,,,1,,,,,,,,,,,,,,,,,,,,,,,,,,,,,,,,,,,,,,,,,,,,,,,,,,,,,,,,,,,,,,,,,,,,,,,,,,,,,,1,,,,,,,,,,,,,,,,,,1,,,,,,1,,,,,,,,,,,,,,,,,,1,,,,,,,,,,,,,,,,,,,,,,,,,,,,,,1,,,,,,,,,,,,,,,,,,,,,,,,1,,,,,,,,,,,,,,,,,,1,,,,,,,,,,,,,,,,,,,,,,,,2,,,,,,,,,,,,,,,,,,,,,,,,,,,,,,,,,,,,20,,,35,,,0,,,20,,,,,,,,,,,,,,,,,,4,,,,,,2,,,,,,3,,,,,,11,,,,,,3,,,,,,,1,,,1,,2,,,,,,4,,,,,,26,,,,,,10,,,,,,15,,,,,,13,,,,,,2,,,,,,,,,,,,,,,,,,74,,,115,,,0,,,31,,,,,,1,,,,,,4,,,,,,2,,,,,,9,,,,,,10,,,,,,5,,,,,,6,,,,,,3,,,,,,14,,,,,,4,,,,,,2,,,,,,28,,,,,,84,,,119,,,0,,,5,,,,,,3,,,,,,23,,,,,,3,,,,,,12,,,,,,,,,,,,51,,,46,,,0,,
,26935,23827,3264,1,1671,,,32,,,BL-1671-32-recto,,,25,,,July,,,1,,,August,,,1,,,,,,1,,,,,,,,,,,,1,,,,,,,,,,,,,,,,,,,,,,,,2,,,,,,,,,,,,,,,,,,1,,,,,,1,,,,,,,,,,,,2,,,,,,1,,,,,,,,,,,,,,,,,,1,,,,,,,,,,,,,,,,,,2,,,,,,,,,,,,,,,,,,2,,,,,,2,,,,,,,,,,,,,,,,,,2,,,,,,,,,,,,,,,,,,,,,,,,1,,,,,,,,,,,,,,,,,,1,,,,,,1,,,,,,1,,,,,,,,,,,,,,,,,,,,,,,,,,,,,,,,,,,,2,,,,,,1,,,,,,,,,,,,,,,,,,,,,,,,,,,,,,2,,,,,,,,,,,,,,,,,,,,,,,,1,,,,,,,,,,,,2,,,,,,1,,,,,,,,,,,,1,,,,,,,,,,,,,,,,,,2,,,,,,,,,,,,,,,,,,2,,,,,,,,,,,,,,,,,,,,,,,,1,,,,,,1,,,,,,,,,,,,,,,,,,,,,,,,,,,,,,,,,,,,,,,,,,,,,,,,,,,,,,,,,,,,,,,,,,,,,,,,,,,,,,,,,,,,,,,,,,,,,,,,1,,,,,,,,,,,,,,,,,,,,,,,,,,,,,,,,,,,,,,,,,,1,,,,,,4,,,,,,,,,,,,,,,,,,,,,,,,,,,,,,16,,,45,,,0,,,18,,,,,,1,,,,,,1,,,,,,5,,,,,,,,,,,,3,,,,,,21,,,,,,11,,,,,,,1,,,1,,5,,,,,,6,,,,,,27,,,,,,21,,,,,,10,,,,,,7,,,,,,,,,,,,,,,,,,,,,,,,94,,,136,,,0,,,14,,,,,,2,,,,,,7,,,,,,5,,,,,,1,,,,,,12,,,,,,6,,,,,,5,,,,,,,,,,,,18,,,,,,9,,,,,,,,,,,,32,,,,,,81,,,111,,,0,,,3,,,,,,,,,,,,23,,,,,,1,,,,,,14,,,,,,,,,,,,54,,,41,,,0,,
,26936,23828,3265,1,1671,,,33,,,BL-1671-33-recto,,,1,,,August,,,8,,,August,,,,,,,,,2,,,,,,,,,,,,,,,,,,,,,,,,,,,,,,,,,,,,1,,,,,,3,,,,,,,,,,,,,,,,,,1,,,,,,1,,,,,,,,,,,,1,,,,,,,,,,,,,,,,,,1,,,,,,,,,,,,,,,,,,,,,,,,,,,,,,,,,,,,2,,,,,,,,,,,,,,,,,,1,,,,,,,,,,,,,,,,,,1,,,,,,,,,,,,,,,,,,,,,,,,,,,,,,1,,,,,,1,,,,,,,,,,,,,,,,,,,,,,,,,,,,,,,,,,,,1,,,,,,,,,,,,,,,,,,,,,,,,,,,,,,,,,,,,,,,,,,,,,,,,,,,,,,,,,,,,,,,,,,,,,,,,,,,,,,,,,,,,,,,,,,,,,,,,,,,,,,,,,,,,,,,,,,1,,,,,,,,,,,,,,,,,,,,,,,,,,,,,,,,,,,,,,,,,,1,,,,,,1,,,,,,,,,,,,,,,,,,,,,,,,,,,,,,1,,,,,,,,,,,,,,,,,,,,,,,,,,,,,,2,,,,,,,,,,,,,,,,,,,,,,,,1,,,,,,1,,,,,,1,,,,,,,,,,,,,,,,,,,,,,,,,,,,,,,,,,,,,,,,,,,,,,,,1,,,,,,,,,,,,,,,,,,,,,,,,,,,,,,26,,,27,,,0,,,26,,,,,,4,,,,,,2,,,,,,3,,,,,,,,,,,,5,,,,,,19,,,,,,10,,,,1,,,1,,,1,,2,,,,,,6,,,,,,34,,,,,,16,,,,,,16,,,,,,13,,,,,,1,,,,,,,,,,,,,,,,,,87,,,157,,,0,,,27,,,,,,3,,,,,,4,,,,,,4,,,,,,7,,,,,,8,,,,,,4,,,,,,3,,,,,,3,,,,,,21,,,,,,10,,,,,,4,,,,,,30,,,,,,80,,,128,,,0,,,4,,,,,,3,,,,,,31,,,,,,1,,,,,,16,,,,,,,,,,,,20,,,55,,,0,,
,26937,23829,3266,1,1671,,,34,,,BL-1671-34-recto,,,8,,,August,,,15,,,August,,,,,,,,,2,,,,,,,,,,,,1,,,,,,,,,,,,,,,,,,1,,,,,,1,,,,,,3,,,,,,,,,,,,1,,,,,,,,,,,,,,,,,,1,,,,,,,,,,,,,,,,,,,,,,,,1,,,,,,,,,,,,,,,,,,1,,,,,,,,,,,,,,,,,,,,,,,,2,,,,,,,,,,,,1,,,,,,2,,,,,,1,,,,,,1,,,,,,,,,,,,,,,,,,,,,,,,,,,,,,1,,,,,,1,,,,,,1,,,,,,,,,,,,,,,,,,,,,,,,,,,,,,1,,,,,,1,,,,,,,,,,,,,,,,,,,,,,,,,,,,,,1,,,,,,1,,,,,,,,,,,,,,,,,,,,,,,,,,,,,,2,,,,,,,,,,,,1,,,,,,,,,,,,,,,,,,,,,,,,,,,,,,,,,,,,1,,,,,,,,,,,,1,,,,,,,,,,,,,,,,,,,,,,,,,,,,,,2,,,,,,,,,,,,,,,,,,,,,,,,,,,,,,1,,,,,,,,,,,,1,,,,,,,,,,,,,,,,,,,,,,,,,,,,,,,,,,,,,,,,,,1,,,,,,,,,,,,1,,,,,,,,,,,,,,,,,,,,,,,,,,,,,,1,,,,,,,,,,,,1,,,,,,4,,,,,,,,,,,,,,,,,,,,,,,,,,,,,,28,,,43,,,0,,,23,,,,,,3,,,,,,3,,,,,,6,,,,,,,,,,,,4,,,,,,13,,,,,,10,,,,,,,1,,,1,,4,,,,,,1,,,,,,36,,,,,,19,,,,,,14,,,,,,28,,,,,,,,,,,,,,,,,,,,,,,,85,,,164,,,0,,,19,,,,,,2,,,,,,14,,,,,,5,,,,,,4,,,,,,8,,,,,,3,,,,,,4,,,,,,3,,,,,,14,,,,,,10,,,,,,3,,,,,,35,,,,,,80,,,124,,,0,,,8,,,,,,1,,,,,,28,,,,,,,,,,,,17,,,,,,,,,,,,41,,,54,,,0,,
,26938,23830,3268,1,1671,,,35,,,BL-1671-35-recto,,,15,,,August,,,22,,,August,,,,,,,,,1,,,,,,,,,,,,,,,,,,,,,,,,,,,,,,,,,,,,,,,,,,,,,,,,,,,,,,,,,,,,3,,,,,,1,,,,,,1,,,,,,1,,,,,,,,,,,,,,,,,,1,,,,,,,,,,,,,,,,,,,,,,,,,,,,,,,,,,,,1,,,,,,,,,,,,,,,,,,,,,,,,,,,,,,,,,,,,,,,,,,,,,,,,,,,,,,,,,,,,,,,,,,,,,,,,1,,,,,,2,,,,,,1,,,,,,,,,,,,,,,,,,,,,,,,2,,,,,,2,,,,,,,,,,,,,,,,,,,,,,,,,,,,,,,,,,,,,,,,,,,,,,,,,,,,,,,,,,,,1,,,,,,1,,,,,,,,,,,,,,,,,,,,,,,,,,,,,,,,,,,,,,,,,,,,,,,,,,,,,,,,,,,,,,,,,,,,,,,,2,,,,,,,,,,,,,,,,,,,,,,,,,,,,,,,,,,,,1,,,,,,1,,,,,,,,,,,,,,,,,,,,,,,,,,,,,,,,,,,,1,,,,,,,,,,,,,,,,,,1,,,,,,1,,,,,,,,,,,,1,,,,,,,,,,,,,,,,,,1,,,,,,,,,,,,,,,,,,,,,,,,,,,,,,2,,,,,,1,,,,,,2,,,,,,,,,,,,,,,,,,20,,,33,,,0,,,20,,,,,,2,,,,,,1,,,,,,2,,,,,,,,,,,,3,,,,,,19,,,,,,8,,,,,,,1,,,1,,4,,,,,,4,,,,,,35,,,,,,22,,,,,,17,,,,,,16,,,,,,1,,,,,,,,,,,,,,,,,,96,,,154,,,0,,,15,,,,,,,,,,,,11,,,,,,3,,,,,,6,,,,,,13,,,,,,6,,,,,,3,,,,,,3,,,,,,15,,,,,,10,,,,,,2,,,2,,,27,,,,,,87,,,114,,,2,,,7,,,,,,6,,,,,,23,,,,,,2,,,,,,19,,,,,,,,,,,,61,,,57,,,0,,
,26939,23831,3269,1,1671,,,36,,,BL-1671-36-recto,,,22,,,August,,,29,,,August,,,1,,,,,,5,,,,,,2,,,,,,,,,,,,,,,,,,,,,,,,,,,,,,,,,,,,1,,,,,,,,,,,,,,,,,,1,,,,,,1,,,,,,1,,,,,,3,,,,,,,,,,,,,,,,,,1,,,,,,,,,,,,,,,,,,2,,,,,,,,,,,,,,,,,,,,,,,,2,,,,,,,,,,,,1,,,,,,,,,,,,,,,,,,1,,,,,,,,,,,,,,,,,,,,,,,,,,,,,,2,,,,,,,,,,,,1,,,,,,1,,,,,,,,,,,,,,,,,,,,,,,,2,,,,,,2,,,,,,,,,,,,,,,,,,,,,,,,,,,,,,,,,,,,,,,,,,,,,,,,,,,,,,,,,,,,,,,,,,1,,,,,,,,,,,,,,,,,,,,,,,,,,,,,,,,,,,,,,,,,,,,,,,,1,,,,,,,,,,,,,,,,,,,,,,,,,,,,,,,,,,,,1,,,,,,,,,,,,1,,,,,,,,,,,,,,,,,,,,,,,,,,,,,,,,,,,,,,,,,,,,,,,,,,,,,,1,,,,,,,,,,,,1,,,,,,1,,,,,,,,,,,,,,,,,,2,,,,,,,,,,,,,,,,,,,,,,,,,,,,,,,,,,,,,,,,,,2,,,,,,1,,,,,,,,,,,,1,,,,,,,,,,,,,,,,,,24,,,43,,,0,,,25,,,,,,2,,,,,,,,,,,,2,,,,,,1,,,,,,8,,,,,,17,,,,,,3,,,,,,,1,,,1,,10,,,,,,4,,,,,,34,,,,,,23,,,,,,9,,,,,,20,,,,,,,,,,,,,,,,,,,,,,,,95,,,158,,,0,,,24,,,,,,2,,,,,,14,,,,,,5,,,,,,5,,,,,,13,,,,,,8,,,,,,4,,,,,,,,,,,,22,,,,,,9,,,,,,2,,,,,,33,,,,,,103,,,141,,,0,,,6,,,,,,3,,,,,,33,,,,,,2,,,,,,24,,,,,,,,,,,,53,,,68,,,0,,
,26940,23832,3267,1,1671,,,37,,,BL-1671-37-recto,,,29,,,August,,,5,,,September,,,1,,,,,,7,,,,,,1,,,,,,1,,,,,,,,,,,,,,,,,,,,,,,,1,,,,,,2,,,,,,,,,,,,1,,,,,,,,,,,,,,,,,,,,,,,,1,,,,,,1,,,,,,,,,,,,1,,,,,,,,,,,,,,,,,,,,,,,,,,,,,,,,,,,,1,,,,,,,,,,,,,,,,,,,,,,,,2,,,,,,,,,,,,,,,,,,,,,,,,,,,,,,,,,,,,,,,,,,1,,,,,,,,,,,,1,,,,,,,,,,,,,,,,,,,,,,,,,,,,,,1,,,,,,3,,,,,,,,,,,,,,,,,,,,,,,,,,,,,,2,,,,,,,,,,,,,,,,,,,,,,,,,,,,,,,,,,,,2,,,,,,,,,,,,,,,,,,,,,,,,,,,,,,,,,,,,,,,,,,,,,,,,1,,,,,,,,,,,,1,,,,,,,,,,,,,,,,,,,,,,,,,,,,,,1,,,,,,1,,,,,,,,,,,,,,,,,,,,,,,,1,,,,,,,,,,,,,,,,,,,,,,,,,,,,,,1,,,,,,,,,,,,,,,,,,,,,,,,1,,,,,,,,,,,,3,,,,,,,,,,,,,,,,,,,,,,,,,,,,,,,,,,,,,,,,,,2,,,,,,4,,,,,,,,,,,,,,,,,,,,,,,,,,,,,,18,,,46,,,0,,,26,,,,,,4,,,,,,,,,,,,4,,,,,,,,,,,,5,,,,,,13,,,,,,12,,,,,,,1,,,1,,4,,,,,,10,,,,,,38,,,,,,22,,,,,,12,,,,,,20,,,,,,,,,,,,1,,,,,,,,,,,,85,,,171,,,0,,,32,,,,,,2,,,,,,20,,,,,,5,,,,,,11,,,,,,13,,,,,,5,,,,,,4,,,,,,1,,,,,,13,,,,,,7,,,,,,,,,,,,41,,,,,,77,,,154,,,0,,,9,,,,,,4,,,,,,45,,,,,,,,,,,,21,,,,,,,,,,,,45,,,79,,,0,,
,26941,23833,3270,1,1671,,,38,,,BL-1671-38-recto,,,5,,,September,,,12,,,September,,,,,,,,,1,,,,,,,,,,,,3,,,,,,,,,,,,1,,,,,,1,,,,,,,,,,,,2,,,,,,,,,,,,,,,,,,3,,,,,,,,,,,,1,,,,,,4,,,,,,,,,,,,,,,,,,,,,,,,,,,,,,,,,,,,1,,,,,,,,,,,,,,,,,,1,,,,,,,,,,,,1,,,,,,1,,,,,,,,,,,,,,,,,,,,,,,,,,,,,,,,,,,,,,,,,,,,,,,,3,,,,,,,,,,,,1,,,,,,1,,,,,,,,,,,,,,,,,,,,,,,,,,,,,,1,,,,,,,,,,,,,,,,,,,,,,,,,,,,,,1,,,,,,1,,,,,,,,,,,,,,,,,,,,,,,,1,,,,,,1,,,,,,1,,,,,,,,,,,,,,,,,,,,,,,,,,,,,,,,,,,,1,,,,,,,,,,,,,,,,,,,,,,,,1,,,,,,,,,,,,,,,,,,2,,,,,,,,,,,,1,,,,,,,,,,,,1,,,,,,,,,,,,,,,,,,,,,,,,1,,,,,,,,,,,,1,,,,,,1,,,,,,1,,,,,,,,,,,,1,,,,,,,,,,,,,,,,,,3,,,,,,,,,,,,1,,,,,,,,,,,,1,,,,,,,,,,,,,,,,,,,,,,,,2,,,,,,,,,,,,,,,,,,,,,,,,1,,,,,,29,,,50,,,0,,,20,,,,,,6,,,,,,,,,,,,7,,,,,,2,,,,,,6,,,,,,21,,,,,,7,,,,,,,1,,,1,,2,,,,,,7,,,,,,34,,,,,,10,,,,,,14,,,,,,26,,,,,,2,,,,,,,,,,,,,,,,,,79,,,164,,,0,,,20,,,,,,3,,,,,,13,,,,,,2,,,,,,,,,,,,7,,,,,,7,,,,,,4,,,,,,4,,,,,,35,,,,,,10,,,,,,,,,,,,34,,,,,,85,,,139,,,0,,,4,,,,,,5,,,,,,40,,,,,,2,,,,,,14,,,,,,,,,,,,50,,,65,,,0,,
,26942,23834,3271,1,1671,,,39,,,BL-1671-39-recto,,,12,,,September,,,19,,,September,,,,,,,,,,,,,,,,,,,,,,,,,,,,,,,,,,,,,,,,,,,,,1,,,,,,1,,,,,,1,,,,,,,,,,,,,,,,,,,,,,,,,,,,,,,,,,,,,,,,,,,,,,,,,,,,,,,,,,,,,,,,,,,,,,,,,,,,,,,,,,,,2,,,,,,,,,,,,,,,,,,,,,,,,1,,,,,,,,,,,,1,,,,,,,,,,,,,,,,,,,,,,,,,,,,,,1,,,,,,,,,,,,,,,,,,,,,,,,,,,,,,1,,,,,,,,,,,,,,,,,,4,,,,,,1,,,,,,,,,,,,,,,,,,,,,,,,,,,,,,1,,,,,,1,,,,,,,,,,,,,,,,,,,,,,,,,,,,,,,,,,,,,,,,,,,,,,,,,,,,,,,,,,,,,,,,,,,,,,,,,,,,,,,,,,,,,,,,,,,,,,,,,,,,,,,,,,,,1,,,,,,2,,,,,,,,,,,,,,,,,,1,,,,,,,,,,,,2,,,,,,,,,,,,3,,,,,,,,,,,,1,,,,,,1,,,,,,,,,,,,1,,,,,,,,,,,,,,,,,,,,,,,,1,,,,,,,,,,,,1,,,,,,1,,,,,,1,,,,,,2,,,,,,,,,,,,,,,,,,1,,,,,,1,,,,,,3,,,,,,,,,,,,,,,,,,24,,,39,,,0,,,17,,,,,,1,,,,,,,,,,,,6,,,,,,,,,,,,6,,,,,,8,,,,,,8,,,,,,,1,,,1,,2,,,,,,3,,,,,,27,,,,,,11,,,,,,7,,,,,,23,,,,,,1,,,,,,,,,,,,,,,,,,104,,,120,,,0,,,20,,,,,,,,,,,,14,,,,,,2,,,,,,6,,,,,,13,,,,,,5,,,,,,3,,,,,,4,,,,,,19,,,,,,7,,,,,,2,,,,,,29,,,,,,76,,,124,,,0,,,16,,,,,,7,,,,,,41,,,,,,1,,,,,,13,,,,,,,,,,,,44,,,78,,,0,,
,26973,23835,3286,1,1671,,,40,,,BL-1671-40-recto,,,19,,,September,,,26,,,September,,,,,,,,,,,,,,,1,,,,,,,,,,,,,,,,,,,,,,,,,,,,,,1,,,,,,1,,,,,,,,,,,,,,,,,,1,,,,,,,,,,,,2,,,,,,3,,,,,,,,,,,,1,,,,,,,,,,,,1,,,,,,,,,,,,1,,,,,,,,,,,,,,,,,,2,,,,,,,,,,,,,,,,,,,,,,,,1,,,,,,,,,,,,1,,,,,,2,,,,,,,,,,,,,,,,,,,,,,,,1,,,,,,2,,,,,,1,,,,,,2,,,,,,,,,,,,,,,,,,,,,,,,,,,,,,,,,,,,1,,,,,,,,,,,,,,,,,,,,,,,,,,,,,,,,,,,,,,,,,,,,,,,,,,,,,,,,,,,,3,,,,,,,,,,,,,,,,,,,,,,,,,,,,,,,,,,,,1,,,,,,,,,,,,,,,,,,,,,,,,1,,,,,,,,,,,,,,,,,,,,,,,,1,,,,,,,,,,,,,,,,,,,,,,,,1,,,,,,,,,,,,1,,,,,,,,,,,,1,,,,,,,,,,,,,,,,,,,,,,,,1,,,,,,,,,,,,,,,,,,,,,,,,,,,,,,,,,,,,,,,,,,,,,,,,,,,,,,,,,,,,1,,,,,,,,,,,,,,,,,,,,,,,,1,,,,,,,,,,,,,,,,,,,,,,,,22,,,37,,,0,,,21,,,,,,3,,,,,,1,,,,,,2,,,,,,,,,,,,4,,,,,,12,,,,,,11,,,,,,,1,,,1,,4,,,,,,3,,,,,,25,,,,,,12,,,,,,10,,,,,,16,,,,,,3,,,,,,1,,,,,,,,,,,,91,,,128,,,0,,,25,,,,,,2,,,,,,7,,,,,,2,,,,,,5,,,,,,9,,,,,,9,,,,,,6,,,,,,1,,,,,,15,,,,,,12,,,,,,,,,,,,34,,,,,,92,,,127,,,0,,,8,,,,,,6,,,,,,35,,,,,,2,,,,,,14,,,,,,,,,,,,50,,,65,,,0,,
,26974,23836,3287,1,1671,,,41,,,BL-1671-41-recto,,,26,,,September,,,3,,,October,,,1,,,,,,1,,,,,,2,,,,,,,,,,,,,,,,,,,,,,,,,,,,,,,,,,,,1,,,,,,1,,,,,,,,,,,,2,,,,,,,,,,,,1,,,,,,1,,,,,,,,,,,,,,,,,,1,,,,,,,,,,,,,,,,,,,,,,,,,,,,,,,,,,,,,,,,,,,,,,,,,,,,,,1,,,,,,1,,,,,,,,,,,,3,,,,,,1,,,,,,1,,,,,,,,,,,,,,,,,,,,,,,,,,,,,,,,,,,,,,,,,,,,,,,,,,,,,,,,,,,,1,,,,,,1,,,,,,2,,,,,,,,,,,,,,,,,,,,,,,,1,,,,,,,,,,,,,,,,,,,,,,,,,,,,,,,,,,,,,,,,,,,,,,,,1,,,,,,,,,,,,,,,,,,,,,,,,,,,,,,1,,,,,,,,,,,,,,,,,,1,,,,,,,,,,,,,,,,,,,,,,,,1,,,,,,,,,,,,1,,,,,,,,,,,,2,,,,,,,,,,,,,,,,,,1,,,,,,,,,,,,,,,,,,,,,,,,,,,,,,,,,,,,,,,,,,,,,,,,1,,,,,,,,,,,,,,,,,,,,,,,,,,,,,,,,,,,,,,,,,,,,,,,,,,,,,,1,,,,,,3,,,,,,,,,,,,,,,,,,,,,,,,,,,,,,16,,,36,,,0,,,14,,,,,,4,,,,,,2,,,,,,6,,,,,,,,,,,,3,,,,,,12,,,,,,1,,,,,,,1,,,1,,8,,,,,,4,,,,,,23,,,,,,8,,,,,,11,,,,,,19,,,,,,1,,,,,,,,,,,,,,,,,,93,,,116,,,0,,,21,,,,,,2,,,,,,12,,,,,,6,,,,,,7,,,,,,11,,,,,,7,,,,,,6,,,,,,5,,,,,,16,,,,,,14,,,,,,3,,,,,,33,,,,,,93,,,143,,,0,,,5,,,,,,2,,,,,,30,,,,,,1,,,,,,14,,,,,,,,,,,,50,,,52,,,0,,
,26975,23837,3288,1,1671,,,42,,,BL-1671-42-recto,,,3,,,October,,,10,,,October,,,,,,,,,3,,,,,,1,,,,,,1,,,,,,,,,,,,,,,,,,,,,,,,,,,,,,1,,,,,,3,,,,,,,,,,,,1,,,,,,1,,,,,,,,,,,,2,,,,,,1,,,,,,,,,,,,,,,,,,,,,,,,,,,,,,,,,,,,,,,,,,,,,,,,1,,,,,,,,,,,,,,,,,,,,,,,,1,,,,,,,,,,,,1,,,,,,,,,,,,,,,,,,,,,,,,,,,,,,4,,,,,,,,,,,,1,,,,,,1,,,,,,,,,,,,1,,,,,,,,,,,,1,,,,,,1,,,,,,,,,,,,,,,,,,,,,,,,,,,,,,1,,,,,,1,,,,,,,,,,,,,,,,,,,,,,,,,,,,,,2,,,,,,,,,,,,2,,,,,,,,,,,,,,,,,,,,,,,,,,,,,,,,,,,,,,,,,,,,,,,,,,,,,,1,,,,,,,,,,,,,,,,,,1,,,,,,,,,,,,,,,,,,,,,,,,1,,,,,,1,,,,,,,,,,,,,,,,,,1,,,,,,,,,,,,,,,,,,,,,,,,,,,,,,,,,,,,,,,,,,,,,,,,,,,,,,,,,,,,1,,,,,,2,,,,,,,,,,,,,,,,,,,,,,,,,,,,,,,,,,,,2,,,,,,,,,,,,2,,,,,,,,,,,,,,,,,,27,,,44,,,0,,,13,,,,,,,,,,,,,,,,,,7,,,,,,,,,,,,4,,,,,,10,,,,,,5,,,,,,,1,,,1,,5,,,,,,4,,,,,,13,,,,,,14,,,,,,10,,,,,,15,,,,,,1,,,,,,,,,,,,,,,,,,77,,,101,,,0,,,17,,,,,,1,,,,,,8,,,,,,5,,,,,,2,,,,,,5,,,,,,9,,,,,,6,,,,,,1,,,,,,16,,,,,,11,,,,,,2,,,,,,22,,,,,,107,,,105,,,0,,,9,,,,,,,,,,,,32,,,,,,1,,,,,,12,,,,,,,,,,,,55,,,54,,,0,,
,26976,23838,3289,1,1671,,,43,,,BL-1671-43-recto,,,10,,,October,,,17,,,October,,,,,,,,,,,,,,,,,,,,,1,,,,,,,,,,,,,,,,,,,,,,,,,,,,,,,,,,,,,,,,,,,,,,,,1,,,,,,1,,,,,,1,,,,,,2,,,,,,,,,,,,,,,,,,3,,,,,,1,,,,,,,,,,,,1,,,,,,,,,,,,,,,,,,1,,,,,,,,,,,,,,,,,,,,,,,,1,,,,,,,,,,,,,,,,,,,,,,,,,,,,,,,,,,,,,,,,,,1,,,,,,,,,,,,1,,,,,,,,,,,,,,,,,,,,,,,,,,,,,,1,,,,,,,,,,,,1,,,,,,,,,,,,,,,,,,,,,,,,1,,,,,,,,,,,,,,,,,,,,,,,,,,,,,,,,,,,,,,,,,,,,,,,,,,,,,,,,,,,,,,,,,,1,,,,,,,,,,,,,,,,,,,,,,,,,,,,,,1,,,,,,,,,,,,,,,,,,,,,,,,,,,,,,1,,,,,,,,,,,,,,,,,,,,,,,,,,,,,,,,,,,,,,,,,,,,,,,,,,,,,,,,,,,,1,,,,,,,,,,,,,,,,,,,,,,,,,,,,,,1,,,,,,,,,,,,,,,,,,,,,,,,,,,,,,,,,,,,,,,,,,,,,,,,2,,,,,,1,,,,,,1,,,,,,1,,,,,,,,,,,,,,,,,,21,,,28,,,0,,,25,,,,,,1,,,,,,1,,,,,,3,,,,,,,,,,,,2,,,,,,11,,,,,,3,,,,,,,1,,,1,,7,,,,,,3,,,,,,29,,,,,,18,,,,,,10,,,,,,12,,,,,,,,,,,,,,,,,,,,,,,,84,,,125,,,0,,,13,,,,,,2,,,,,,5,,,,,,5,,,,,,2,,,,,,3,,,,,,7,,,,,,5,,,,,,1,,,,,,19,,,,,,8,,,,,,,,,,,,23,,,,,,80,,,93,,,0,,,10,,,,,,2,,,,,,18,,,,,,1,,,,,,16,,,,,,,,,,,,43,,,47,,,0,,
,26977,23839,3290,1,1671,,,44,,,BL-1671-44-recto,,,17,,,October,,,24,,,October,,,2,,,,,,3,,,,,,,,,,,,,,,,,,,,,,,,1,,,,,,,,,,,,1,,,,,,1,,,,,,,,,,,,,,,,,,2,,,,,,,,,,,,,,,,,,2,,,,,,1,,,,,,,,,,,,,,,,,,1,,,,,,,,,,,,,,,,,,,,,,,,1,,,,,,4,,,,,,,,,,,,,,,,,,1,,,,,,1,,,,,,,,,,,,,,,,,,,,,,,,,,,,,,,,,,,,,,,,,,,,,,,,1,,,,,,,,,,,,1,,,,,,,,,,,,,,,,,,1,,,,,,1,,,,,,2,,,,,,1,,,,,,,,,,,,,,,,,,,,,,,,1,,,,,,,,,,,,,,,,,,,,,,,,1,,,,,,,,,,,,,,,,,,1,,,,,,,,,,,,,,,,,,,,,,,,,,,,,,,,,,,,,,,,,,1,,,,,,,,,,,,,,,,,,,,,,,,,,,,,,2,,,,,,,,,,,,,,,,,,,,,,,,,,,,,,,,,,,,,,,,,,,,,,,,,,,,,,,,,,,,,,,,,,,,,,,,,,,,,,,,,,,,,,,,,,,,,,,,,,,,,,,,,,,,1,,,,,,,,,,,,1,,,,,,,,,,,,,,,,,,2,,,,,,,,,,,,1,,,,,,1,,,,,,,,,,,,,,,,,,,,,,,,,,,,,,21,,,40,,,0,,,14,,,,,,,,,,,,2,,,,,,5,,,,,,,,,,,,4,,,,,,15,,,,,,7,,,,,,,1,,,1,,4,,,,,,3,,,,,,24,,,,,,12,,,,,,14,,,,,,18,,,,,,3,,,,,,,,,,,,,,,,,,87,,,125,,,0,,,16,,,,,,,,,,,,9,,,,,,4,,,,,,1,,,,,,2,,,,,,4,,,,,,4,,,,,,1,,,,,,13,,,,,,10,,,,,,,,,,,,20,,,,,,76,,,84,,,0,,,9,,,,,,4,,,,,,22,,,,,,2,,,,,,9,,,,,,,,,,,,40,,,46,,,0,,
,26978,23840,3291,1,1671,,,45,,,BL-1671-45-recto,,,24,,,October,,,31,,,October,,,,,,,,,1,,,,,,1,,,,,,,,,,,,,,,,,,,,,,,,,,,,,,,,,,,,1,,,,,,,,,,,,,,,,,,1,,,,,,2,,,,,,,,,,,,3,,,,,,1,,,,,,,,,,,,,,,,,,,,,,,,,,,,,,,,,,,,,,,,,,,,,,,,1,,,,,,,,,,,,,,,,,,,,,,,,1,,,,,,,,,,,,,,,,,,,,,,,,,,,,,,,,,,,,1,,,,,,1,,,,,,1,,,,,,,,,,,,,,,,,,,,,,,,,,,,,,,,,,,,,,,,,,,,,,,,,,,,,,,,,,,,,,,,,,,,,,,,1,,,,,,,,,,,,,,,,,,,,,,,,,,,,,,2,,,,,,,,,,,,1,,,,,,,,,,,,,,,,,,,,,,,,,,,,,,,,,,,,,,,,,,,,,,,,,,,,,,,,,,,,,,,,,,,,,,,,,,,,,,,,,,,,,,,,,,2,,,,,,,,,,,,,,,,,,,,,,,,,,,,,,1,,,,,,,,,,,,,,,,,,,,,,,,,,,,,,,,,,,,,,,,,,3,,,,,,,,,,,,,,,,,,,,,,,,,,,,,,,,,,,,,,,,,,,,,,,,,,,,,,,,,,,,,,,,,,1,,,,,,,,,,,,,,,,,,,,,,,,,,,,,,17,,,26,,,0,,,11,,,,,,,,,,,,,,,,,,3,,,,,,1,,,,,,3,,,,,,15,,,,,,7,,,,,,,1,,,1,,5,,,,,,2,,,,,,31,,,,,,11,,,,,,9,,,,,,7,,,,,,1,,,,,,,,,,,,,,,,,,80,,,106,,,0,,,11,,,,,,2,,,,,,7,,,,,,5,,,,,,6,,,,,,11,,,,,,7,,,,,,5,,,,,,1,,,,,,10,,,,,,6,,,,,,,,,,,,33,,,,,,76,,,104,,,0,,,8,,,,,,1,,,,,,24,,,,,,1,,,,,,11,,,,,,,,,,,,30,,,45,,,0,,
,26979,23841,3292,1,1671,,,46,,,BL-1671-46-recto,,,31,,,October,,,7,,,November,,,,,,,,,,,,,,,,,,,,,,,,,,,,,,,,,,,,,,,,,,,,,,,,,,,,,,,,,,,,,,,,,,,,,2,,,,,,1,,,,,,1,,,,,,4,,,,,,1,,,,,,,,,,,,,,,,,,,,,,,,,,,,,,,,,,,,,,,,,,,,,,,,1,,,,,,1,,,,,,,,,,,,,,,,,,1,,,,,,,,,,,,2,,,,,,,,,,,,,,,,,,,,,,,,,,,,,,,,,,,,,,,,,,1,,,,,,,,,,,,,,,,,,,,,,,,,,,,,,1,,,,,,1,,,,,,,,,,,,,,,,,,,,,,,,,,,,,,1,,,,,,,,,,,,,,,,,,,,,,,,,,,,,,,,,,,,1,,,,,,,,,,,,1,,,,,,,,,,,,,,,,,,,,,,,,,,,,,,,,,,,,,,,,,,,,,,,,1,,,,,,,,,,,,1,,,,,,,,,,,,1,,,,,,1,,,,,,,,,,,,,,,,,,,,,,,,,,,,,,,,,,,,,,,,,,1,,,,,,,,,,,,,,,,,,,,,,,,,,,,,,,,,,,,,,,,,,1,,,,,,,,,,,,2,,,,,,,,,,,,,,,,,,,,,,,,,,,,,,2,,,,,,,,,,,,1,,,,,,1,,,,,,,,,,,,,,,,,,,,,,,,,,,,,,33,,,32,,,0,,,15,,,,,,,,,,,,,,,,,,4,,,,,,,,,,,,3,,,,,,10,,,,,,5,,,,,,,1,,,1,,2,,,,,,2,,,,,,18,,,,,,18,,,,,,10,,,,,,14,,,,,,1,,,,,,1,,,,,,,,,,,,95,,,103,,,0,,,10,,,,,,,,,,,,10,,,,,,3,,,,,,1,,,,,,5,,,,,,3,,,,,,3,,,,,,2,,,,,,12,,,,,,2,,,1,,,,,,,,,21,,,,,,82,,,72,,,1,,,6,,,,,,4,,,,,,22,,,,,,3,,,,,,18,,,,,,,,,,,,35,,,53,,,0,,
,26980,23842,3293,1,1671,,,47,,,BL-1671-47-recto,,,7,,,November,,,14,,,November,,,,,,,,,4,,,,,,,,,,,,,,,,,,,,,,,,,,,,,,,,,,,,,,,,,,,,,,,,1,,,,,,,,,,,,,,,,,,,,,,,,,,,,,,,,,,,,,,,,,,,,,,,,1,,,,,,,,,,,,,,,,,,,,,,,,1,,,,,,,,,,,,1,,,,,,,,,,,,,,,,,,,,,,,,3,,,,,,,,,,,,,,,,,,1,,,,,,2,,,,,,1,,,,,,,,,,,,,,,,,,3,,,,,,1,,,,,,1,,,,,,,,,,,,,,,,,,,,,,,,1,,,,,,,,,,,,,,,,,,,,,,,,,,,,,,,,,,,,,,,,,,,,,1,,,,,,,,,,,,,,,,,,,,,,,,,,,,,,,,,1,,,,,,,,,,,,,,,,,,,,,,,,,,,,,,,,,,,,1,,,,,,,,,,,,,,,,,,,,,,,,,,,,,,,,,,,,,,,,,,,,,,,,1,,,,,,,,,,,,,,,,,,,,,,,,,,,,,,,,,,,,,,,,,,2,,,,,,,,,,,,,,,,,,,,,,,,,,,,,,1,,,,,,,,,,,,,,,,,,,,,,,,2,,,,,,,,,,,,,,,,,,,,,,,,,,,,,,,,,,,,,,,,,,,,,,,,1,,,,,,,,,,,,1,,,,,,,,,,,,,,,,,,24,,,32,,,0,,,10,,,,,,,,,,,,1,,,,,,3,,,,,,1,,,,,,3,,,,,,10,,,,,,10,,,,,,,1,,,1,,2,,,,,,6,,,,,,21,,,,,,13,,,,,,12,,,,,,11,,,,,,1,,,,,,,,,,,,,,,,,,85,,,104,,,0,,,14,,,,,,,,,,,,9,,,,,,5,,,,,,3,,,,,,5,,,,,,8,,,,,,5,,,,,,3,,,,,,8,,,,,,6,,,1,,,4,,,,,,32,,,,,,79,,,102,,,1,,,4,,,,,,2,,,,,,9,,,,,,,,,,,,19,,,,,,,,,,,,51,,,34,,,0,,
,26981,23843,3294,1,1671,,,48,,,BL-1671-48-recto,,,14,,,November,,,21,,,November,,,,,,,,,,,,,,,1,,,,,,,,,,,,,,,,,,1,,,,,,1,,,,,,,,,,,,1,,,,,,1,,,,,,,,,,,,2,,,,,,1,,,,,,1,,,,,,2,,,,,,,,,,,,1,,,,,,,,,,,,,,,,,,,,,,,,1,,,,,,,,,,,,,,,,,,,,,,,,,,,,,,,,,,,,1,,,,,,1,,,,,,,,,,,,1,,,,,,,,,,,,,,,,,,,,,,,,,,,,,,2,,,,,,2,,,,,,3,,,,,,1,,,,,,1,,,,,,,,,,,,,,,,,,,,,,,,3,,,,,,,,,,,,,,,,,,,,,,,,,,,,,,,,,,,,,,,,,,,,,,,,,,,,,,,,,,,,,,,,,,,,,,,,,,,,,,,,,,,,,,,,,,,,,,,,,,,,,,,,,,,,,,,,,,,,,,,,,,,,,,,,,,,,,,,,,,,,,,,,,,,,,,,,,,,,,,,,,,,,,,,,,,,,,,,,,,,,,,,,,,,,,,,,1,,,,,,,,,,,,,,,,,,1,,,,,,,,,,,,1,,,,,,1,,,,,,,,,,,,,,,,,,,,,,,,2,,,,,,,,,,,,,,,,,,1,,,,,,,,,,,,,,,,,,,,,,,,,,,,,,3,,,,,,,,,,,,2,,,,,,,,,,,,,,,,,,19,,,40,,,0,,,20,,,,,,1,,,,,,1,,,,,,4,,,,,,,,,,,,2,,,,,,13,,,,,,8,,,,,,,1,,,1,,6,,,,,,6,,,,,,21,,,,,,17,,,,,,10,,,,,,11,,,,,,1,,,,,,,,,,,,,,,,,,112,,,121,,,0,,,15,,,,,,1,,,,,,8,,,,,,2,,,,,,3,,,,,,9,,,,,,8,,,,,,2,,,,,,,,,,,,18,,,,,,14,,,,,,3,,,,,,21,,,,,,85,,,104,,,0,,,6,,,,,,4,,,,,,31,,,,,,3,,,,,,18,,,,,,,,,,,,56,,,62,,,0,,
,26982,23844,3295,1,1671,,,49,,,BL-1671-49-recto,,,21,,,November,,,28,,,November,,,1,,,,,,2,,,,,,1,,,,,,2,,,,,,,,,,,,,,,,,,,,,,,,,,,,,,1,,,,,,2,,,,,,,,,,,,2,,,,,,,,,,,,1,,,,,,1,,,,,,1,,,,,,,,,,,,2,,,,,,,,,,,,,,,,,,1,,,,,,,,,,,,,,,,,,2,,,,,,,,,,,,,,,,,,,,,,,,2,,,,,,,,,,,,,,,,,,1,,,,,,,,,,,,,,,,,,,,,,,,,,,,,,2,,,,,,,,,,,,,,,,,,,,,,,,,,,,,,,,,,,,1,,,,,,,,,,,,,,,,,,,,,,,,,,,,,,,,,,,,,,,,,,,,,,,,,,,,,,,,,,,,,,,,,,1,,,,,,,,,,,,,,,,,,,,,,,,,,,,,,,,,,,,,,,,,,,,,,,,,,,,,,,,,,,,,,,,,,,,,,,,,,,,,,,,,,,,,,,,,,,,,,,,,,,,,,,,,,,,,,,,,,,,,,,,,,,,,,2,,,,,,,,,,,,,,,,,,,,,,,,,,,,,,,,,,,,,,,,,,1,,,,,,2,,,,,,,,,,,,,,,,,,2,,,,,,,,,,,,,,,,,,,,,,,,,,,,,,1,,,,,,,,,,,,,,,,,,1,,,,,,,,,,,,,,,,,,,,,,,,,,,,,,23,,,35,,,0,,,13,,,,,,2,,,,,,2,,,,,,3,,,,,,,,,,,,5,,,,,,9,,,,,,6,,,,,,,1,,,1,,5,,,,,,10,,,,,,23,,,,,,16,,,,,,13,,,,,,13,,,,,,,,,,,,,,,,,,,,,,,,100,,,120,,,0,,,16,,,,,,1,,,,,,7,,,,,,5,,,,,,7,,,,,,8,,,,,,5,,,,,,4,,,,,,1,,,,,,14,,,,,,7,,,,,,7,,,,,,24,,,,,,91,,,106,,,0,,,6,,,,,,4,,,,,,22,,,,,,4,,,,,,18,,,,,,,,,,,,60,,,54,,,0,,
,27013,23845,3296,1,1671,,,50,,,BL-1671-50-recto,,,28,,,November,,,5,,,December,,,1,,,,,,3,,,,,,,,,,,,1,,,,,,,,,,,,1,,,,,,,,,,,,,,,,,,3,,,,,,1,,,,,,1,,,,,,2,,,,,,,,,,,,1,,,,,,,,,,,,,,,,,,1,,,,,,,,,,,,,,,,,,,,,,,,2,,,,,,,,,,,,,,,,,,1,,,,,,,,,,,,,,,,,,,,,,,,,,,,,,,,,,,,,,,,,,,,,,,,,,,,,,,,,,,,,,,,,,,,,,,,,,,,,,,,,,,,1,,,,,,,,,,,,,,,,,,,,,,,,1,,,,,,,,,,,,2,,,,,,,,,,,,1,,,,,,,,,,,,,,,,,,,,,,,,,,,,,,,,,,,,,,,,,,,,,,,,1,,,,,,,,,,,,,,,,,,,,,,,,,,,,,,,,,,,,,,,,,,2,,,,,,,,,,,,,,,,,,,,,,,,,,,,,,2,,,,,,,,,,,,,,,,,,,,,,,,,,,,,,,,,,,,,,,,,,1,,,,,,1,,,,,,1,,,,,,3,,,,,,,,,,,,,,,,,,1,,,,,,,,,,,,,,,,,,,,,,,,,,,,,,,,,,,,,,,,,,,,,,,,,,,,,,,,,,,,,,,,,,,,,,,,1,,,,,,,,,,,,2,,,,,,,,,,,,,,,,,,,,,,,,,,,,,,26,,,38,,,0,,,16,,,,,,,,,,,,1,,,,,,6,,,,,,1,,,,,,3,,,,,,9,,,,,,2,,,,,,,1,,,1,,,,,,,,3,,,,,,17,,,,,,16,,,,,,7,,,,,,8,,,,,,1,,,,,,,,,,,,,,,,,,97,,,90,,,0,,,13,,,,,,1,,,,,,5,,,,,,1,,,,,,2,,,,,,5,,,,,,9,,,,,,1,,,,,,2,,,,,,17,,,,,,7,,,,,,,,,,,,24,,,,,,69,,,87,,,0,,,9,,,,,,2,,,,,,13,,,,,,1,,,,,,9,,,,,,,,,,,,53,,,34,,,0,,
,27014,23846,3297,1,1671,,,51,,,BL-1671-51-recto,,,5,,,December,,,12,,,December,,,,,,,,,3,,,,,,1,,,,,,,,,,,,,,,,,,,,,,,,2,,,,,,,,,,,,,,,,,,,,,,,,,,,,,,,,,,,,,,,,,,1,,,,,,1,,,,,,,,,,,,,,,,,,,,,,,,3,,,,,,,,,,,,,,,,,,,,,,,,,,,,,,2,,,,,,,,,,,,,,,,,,,,,,,,4,,,,,,,,,,,,1,,,,,,1,,,,,,,,,,,,,,,,,,,,,,,,1,,,,,,,,,,,,2,,,,,,,,,,,,2,,,,,,,,,,,,,,,,,,2,,,,,,,,,,,,3,,,,,,,,,,,,,,,,,,,,,,,,,,,,,,,,,,,,,,,,,,,,,,,,,,,,,,,,,,,,,,,,,,1,,,,,,1,,,,,,,,,,,,,,,,,,,,,,,,,,,,,,,,,,,,,,,,,,,,,,,,1,,,,,,,,,,,,,,,,,,,,,,,,,,,,,,1,,,,,,,,,,,,,,,,,,,,,,,,,,,,,,1,,,,,,2,,,,,,,,,,,,,,,,,,,,,,,,,,,,,,,,,,,,,,,,,,,,,,,,,,,,,,1,,,,,,,,,,,,,,,,,,,,,,,,,,,,,,,,,,,,,,,,,,,,,,,,,,,,,,1,,,,,,,,,,,,,,,,,,,,,,,,,,,,,,23,,,38,,,0,,,18,,,,,,,,,,,,1,,,,,,4,,,,,,1,,,,,,6,,,,,,11,,,,,,6,,,,,,,1,,,1,,4,,,,,,6,,,,,,20,,,,,,13,,,,,,10,,,,,,13,,,,,,1,,,,,,1,,,,,,,,,,,,96,,,115,,,0,,,13,,,,,,,,,,,,6,,,,,,3,,,,,,4,,,,,,7,,,,,,5,,,,,,2,,,,,,1,,,,,,9,,,,,,,,,,,,7,,,,,,25,,,,,,70,,,82,,,0,,,7,,,,,,1,,,,,,26,,,,,,,,,,,,16,,,,,,,,,,,,49,,,50,,,0,,
,27015,23847,3298,1,1671,,,52,,,BL-1671-52-recto,,,12,,,December,,,19,,,December,,,,,,,,,,,,,,,1,,,,,,,,,,,,,,,,,,,,,,,,,,,,,,,,,,,,,,,,,,,,,,,,,,,,,,2,,,,,,2,,,,,,1,,,,,,1,,,,,,1,,,,,,,,,,,,,,,,,,,,,,,,,,,,,,,,,,,,,,,,,,,,,,,,,,,,,,,,,,,,,,,,,,1,,,,,,,,,,,,,,,,,,3,,,,,,,,,,,,2,,,,,,,,,,,,,,,,,,1,,,,,,3,,,,,,,,,,,,,,,,,,,,,,,,,,,,,,,,,,,,,,,,,,3,,,,,,,,,,,,,,,,,,1,,,,,,,,,,,,1,,,,,,,,,,,,,,,,,,,,,,,,,,,,,,,,,,,,,,,,,,,,,,,,,,,,,,,,,,,,,,,,,,1,,,,,,,,,,,,2,,,,,,,,,,,,,,,,,,3,,,,,,,,,,,,,,,,,,1,,,,,,1,,,,,,2,,,,,,1,,,,,,,,,,,,1,,,,,,,,,,,,,,,,,,,,,,,,1,,,,,,,,,,,,,,,,,,1,,,,,,,,,,,,1,,,,,,,,,,,,,,,,,,3,,,,,,2,,,,,,,,,,,,,,,,,,,,,,,,,,,,,,1,,,,,,,,,,,,2,,,,,,1,,,,,,,,,,,,,,,,,,,,,,,,,,,,,,24,,,47,,,0,,,14,,,,,,,,,,,,,,,,,,3,,,,,,,,,,,,4,,,,,,13,,,,,,4,,,,,,,1,,,1,,3,,,,,,7,,,,,,21,,,,,,18,,,,,,11,,,,,,8,,,,,,,,,,,,,,,,,,,,,,,,95,,,106,,,0,,,23,,,,,,1,,,,,,6,,,,,,6,,,,,,7,,,,,,6,,,,,,6,,,,,,3,,,,,,2,,,,,,13,,,,,,18,,,,,,,,,,,,23,,,,,,86,,,114,,,0,,,11,,,,,,2,,,,,,31,,,,,,2,,,,,,14,,,,,,,,,,,,51,,,60,,,0,,
,27220,23900,3164,1,1672,,,1,,,BL-1672-01-recto,,,17,,,December,,,24,,,December,,,,,,,,,6,,,,,,,,,,,,,,,,,,,,,,,,,,,,,,1,,,,,,,,,,,,2,,,,,,,,,,,,,,,,,,,,,,,,,,,,,,,,,,,,,,,,,,1,,,,,,,,,,,,1,,,,,,1,,,,,,,,,,,,,,,,,,,,,,,,,,,,,,2,,,,,,,,,,,,,,,,,,,,,,,,1,,,,,,,,,,,,1,,,,,,,,,,,,,,,,,,,,,,,,,,,,,,1,,,,,,,,,,,,,,,,,,,,,,,,1,,,,,,,,,,,,,,,,,,3,,,,,,2,,,,,,2,,,,,,,,,,,,1,,,,,,2,,,,,,1,,,,,,,,,,,,,,,,,,,,,,,,1,,,,,,,,,,,,,,,,,,,,,,,,,,,,,,,,,,,,,,,,,,,,,,,,,,,,,,,,,,,,,,,,,,,,,,,,,,,,,,,,,,,,,,,,,,,,,,,,1,,,,,,1,,,,,,,,,,,,,,,,,,3,,,,,,1,,,,,,,,,,,,,,,,,,1,,,,,,,,,,,,1,,,,,,,,,,,,,,,,,,1,,,,,,1,,,,,,,,,,,,,,,,,,1,,,,,,,,,,,,,,,,,,,,,,,,,,,,,,1,,,,,,1,,,,,,,,,,,,,,,,,,,,,,,,,,,,,,1,,,,,,,,,,,,28,,,44,,,0,,,22,,,,,,2,,,,,,,,,,,,5,,,,,,,,,,,,3,,,,,,17,,,,,,5,,,,,,1,,,,,,9,,,,,,6,,,,,,20,,,,,,17,,,,,,13,,,,,,17,,,,,,,,,,,,2,,,,,,,,,,,,93,,,139,,,0,,,26,,,,,,4,,,,,,3,,,,,,3,,,,,,6,,,,,,9,,,,,,5,,,,,,5,,,,,,2,,,,,,13,,,,,,11,,,,,,1,,,,,,31,,,,,,78,,,119,,,0,,,11,,,,,,4,,,,,,34,,,,,,1,,,,,,22,,,,,,,,,,,,48,,,72,,,0,,
,27221,23901,3193,1,1672,,,2,,,BL-1672-02-recto,,,24,,,December,,,31,,,December,,,,,,,,,5,,,,,,,,,,,,,,,,,,,,,,,,,,,,,,,,,,,,2,,,,,,,,,,,,,,,,,,,,,,,,1,,,,,,,,,,,,1,,,,,,3,,,,,,,,,,,,,,,,,,,,,,,,,,,,,,,,,,,,1,,,,,,,,,,,,,,,,,,4,,,,,,1,,,,,,,,,,,,,,,,,,1,,,,,,,,,,,,,,,,,,1,,,,,,2,,,,,,,,,,,,,,,,,,,,,,,,2,,,,,,,,,,,,,,,,,,1,,,,,,,,,,,,,,,,,,,,,,,,1,,,,,,,,,,,,,,,,,,,,,,,,,,,,,,1,,,,,,,,,,,,,,,,,,,,,,,,,,,,,,,,,,,,,,,,,,1,,,,,,1,,,,,,,,,,,,,,,,,,1,,,,,,,,,,,,,,,,,,,,,,,,,,,,,,1,,,,,,,,,,,,,,,,,,,,,,,,1,,,,,,1,,,,,,,,,,,,,,,,,,1,,,,,,,,,,,,,,,,,,,,,,,,1,,,,,,,,,,,,,,,,,,,,,,,,,,,,,,,,,,,,1,,,,,,,,,,,,,,,,,,,,,,,,,,,,,,1,,,,,,,,,,,,,,,,,,,,,,,,,,,,,,1,,,,,,4,,,,,,,,,,,,,,,,,,,,,,,,,,,,,,31,,,42,,,0,,,15,,,,,,1,,,,,,1,,,,,,1,,,,,,,,,,,,3,,,,,,15,,,,,,10,,,,,,,,,,,,7,,,,,,3,,,,,,17,,,,,,16,,,,,,11,,,,,,7,,,,,,3,,,,,,,,,,,,,,,,,,78,,,110,,,0,,,21,,,,,,1,,,,,,4,,,,,,6,,,,,,6,,,,,,3,,,,,,7,,,1,,,6,,,,,,,,,,,,12,,,,,,7,,,,,,7,,,,,,22,,,,,,74,,,102,,,1,,,5,,,,,,2,,,,,,34,,,,,,4,,,,,,25,,,,,,,,,,,,52,,,70,,,0,,
,27222,23902,3194,1,1672,,,3,,,BL-1672-03-recto,,,31,,,December,,,7,,,January,,,,,,,,,2,,,,,,,,,,,,,,,,,,,,,,,,,,,,,,,,,,,,1,,,,,,2,,,,,,2,,,,,,,,,,,,2,,,,,,,,,,,,,,,,,,,,,,,,,,,,,,,,,,,,,,,,,,,,,,,,,,,,,,,,,,,,,,,,,,,,,,,,2,,,,,,,,,,,,,,,,,,1,,,,,,2,,,,,,,,,,,,,,,,,,1,,,,,,1,,,,,,,,,,,,,,,,,,,,,,,,,,,,,,2,,,,,,,,,,,,,,,,,,,,,,,,,,,,,,1,,,,,,1,,,,,,1,,,,,,,,,,,,1,,,,,,,,,,,,,,,,,,2,,,,,,,,,,,,,,,,,,,,,,,,2,,,,,,1,,,,,,1,,,,,,,,,,,,,,,,,,,,,,,,,,,,,,,,,,,,,,,,,,,,,,,,,,,,,,1,,,,,,,,,,,,2,,,,,,,,,,,,,,,,,,1,,,,,,2,,,,,,,,,,,,,,,,,,,,,,,,1,,,,,,,,,,,,1,,,,,,,,,,,,,,,,,,,,,,,,,,,,,,2,,,,,,,,,,,,2,,,,,,,,,,,,1,,,,,,,,,,,,,,,,,,,,,,,,,,,,,,1,,,,,,,,,,,,1,,,,,,,,,,,,,,,,,,,,,,,,,,,,,,,,,,,,28,,,42,,,0,,,14,,,,,,,,,,,,1,,,,,,4,,,,,,1,,,,,,3,,,,,,5,,,,,,4,,,,,,1,,,,,,2,,,,,,6,,,,,,22,,,,,,15,,,,,,14,,,,,,10,,,,,,1,,,,,,,,,,,,,,,,,,101,,,103,,,0,,,18,,,,,,3,,,,,,4,,,,,,4,,,,,,2,,,,,,11,,,,,,7,,,,,,3,,,,,,1,,,,,,14,,,,,,7,,,,,,2,,,,,,19,,,,,,75,,,95,,,0,,,7,,,,,,2,,,,,,25,,,,,,1,,,,,,19,,,,,,,,,,,,60,,,54,,,0,,
,27223,23903,3195,1,1672,,,4,,,BL-1672-04-recto,,,7,,,January,,,14,,,January,,,,,,,,,1,,,,,,,,,,,,1,,,,,,,,,,,,2,,,,,,,,,,,,1,,,,,,1,,,,,,,,,,,,,,,,,,,,,,,,,,,,,,,,,,,,2,,,,,,,,,,,,,,,,,,1,,,,,,,,,,,,,,,,,,,,,,,,,,,,,,,,,,,,3,,,,,,,,,,,,,,,,,,,,,,,,,,,,,,,,,,,,2,,,,,,,,,,,,,,,,,,,,,,,,,,,,,,3,,,,,,,,,,,,,,,,,,1,,,,,,,,,,,,,,,,,,,,,,,,2,,,,,,1,,,,,,,,,,,,,,,,,,,,,,,,,,,,,,1,,,,,,1,,,,,,,,,,,,,,,,,,,,,,,,,,,,,,1,,,,,,2,,,,,,,,,,,,,,,,,,,,,,,,,,,,,,,,,,,,1,,,,,,,,,,,,,,,,,,,,,,,,,,,,,,,,,,,,1,,,,,,,,,,,,,,,,,,,,,,,,,,,,,,,,,,,,1,,,,,,,,,,,,,,,,,,,,,,,,,,,,,,,,,,,,1,,,,,,2,,,,,,2,,,,,,,,,,,,,,,,,,,,,,,,,,,,,,,,,,,,1,,,,,,,,,,,,,,,,,,1,,,,,,,,,,,,1,,,,,,3,,,,,,,,,,,,,,,,,,,,,,,,,,,,,,33,,,40,,,0,,,16,,,,,,1,,,,,,,,,,,,8,,,,,,,,,,,,7,,,,,,10,,,,,,9,,,,,,3,,,,,,3,,,,,,4,,,,,,25,,,,,,11,,,,,,9,,,,,,16,,,,,,1,,,,,,,,,,,,,,,,,,83,,,123,,,0,,,17,,,,,,,,,,,,6,,,,,,2,,,,,,5,,,,,,10,,,,,,8,,,,,,4,,,,,,4,,,,,,8,,,,,,6,,,,,,3,,,,,,24,,,,,,71,,,97,,,0,,,4,,,,,,3,,,,,,35,,,,,,2,,,,,,15,,,,,,,,,,,,37,,,59,,,0,,
,27224,23904,3196,1,1672,,,5,,,BL-1672-05-recto,,,14,,,January,,,21,,,January,,,1,,,,,,1,,,,,,1,,,,,,,,,,,,,,,,,,,,,,,,,,,,,,1,,,,,,1,,,,,,,,,,,,1,,,,,,1,,,,,,,,,,,,,,,,,,1,,,,,,,,,,,,,,,,,,1,,,,,,,,,,,,1,,,,,,2,,,,,,,,,,,,,,,,,,,,,,,,,,,,,,,,,,,,,,,,,,,,,,,,,,,,,,1,,,,,,1,,,,,,,,,,,,,,,,,,,,,,,,1,,,,,,2,,,,,,,,,,,,1,,,,,,,,,,,,,,,,,,1,,,,,,1,,,,,,2,,,,,,2,,,,,,,,,,,,1,,,,,,,,,,,,,,,,,,,,,,,,,,,,,,,,,,,,,,,,,,1,,,,,,3,,,,,,1,,,,,,,,,,,,,,,,,,,,,,,,,,,,,,,,,,,,1,,,,,,,,,,,,,,,,,,,,,,,,,,,,,,,,,,,,,,,,,,,,,,,,1,,,,,,,,,,,,,,,,,,1,,,,,,,,,,,,,,,,,,,,,,,,,,,,,,,,,,,,,,,,,,,,,,,,,,,,,,1,,,,,,1,,,,,,,,,,,,,,,,,,3,,,,,,,,,,,,1,,,,,,,,,,,,,,,,,,,,,,,,,,,,,,1,,,,,,3,,,,,,,,,,,,,,,,,,,,,,,,,,,,,,21,,,43,,,0,,,21,,,,,,,,,,,,,,,,,,6,,,,,,1,,,,,,2,,,,,,15,,,,,,5,,,,,,2,,,,,,8,,,,,,7,,,,,,15,,,,,,20,,,,,,18,,,,,,18,,,,,,1,,,,,,,,,,,,,,,,,,81,,,139,,,0,,,16,,,,,,,,,,,,4,,,,,,3,,,,,,9,,,,,,11,,,,,,10,,,,,,2,,,,,,,,,,,,16,,,,,,6,,,,,,1,,,,,,31,,,,,,85,,,109,,,0,,,11,,,,,,3,,,,,,22,,,,,,1,,,,,,16,,,,,,,,,,,,34,,,53,,,0,,
,27250,23905,3197,1,1672,,,6,,,BL-1672-06-recto,,,21,,,January,,,28,,,January,,,,,,,,,5,,,,,,2,,,,,,2,,,,,,,,,,,,1,,,,,,,,,,,,,,,,,,,,,,,,,,,,,,,,,,,,1,,,,,,,,,,,,1,,,,,,2,,,,,,1,,,,,,,,,,,,,,,,,,1,,,,,,,,,,,,,,,,,,,,,,,,,,,,,,3,,,,,,,,,,,,,,,,,,1,,,,,,3,,,,,,,,,,,,2,,,,,,,,,,,,,,,,,,,,,,,,,,,,,,1,,,,,,,,,,,,1,,,,,,,,,,,,,,,,,,,,,,,,,,,,,,,,,,,,,,,,,,,,,,,,,,,,,,,,,,,,,,,,,,3,,,,,,,,,,,,,,,,,,,,,,,,,,,,,,,,,,,,,,,,,,,,,,,,,,,,,,,,,,,,,,,,,,,,,,,,,,,,,,3,,,,,,,,,,,,,,,,,,,,,,,,,,,,,,,,,,,,,,,,,,,,,,,,,,,,,,,,,,,,,,,,,,,,,,,,,,,,,,,,,,,,1,,,,,,,,,,,,,,,,,,,,,,,,,,,,,,,,,,,,1,,,,,,,,,,,,1,,,,,,,,,,,,1,,,,,,,,,,,,1,,,,,,,,,,,,,,,,,,1,,,,,,,,,,,,,,,,,,,,,,,,,,,,,,,,,,,,,,,,,,,,,,,,29,,,39,,,0,,,21,,,,,,3,,,,,,2,,,,,,3,,,,,,,,,,,,6,,,,,,9,,,,,,10,,,,,,,,,,,,5,,,,,,5,,,,,,22,,,,,,20,,,,,,11,,,,,,8,,,,,,2,,,,,,,,,,,,,,,,,,87,,,127,,,0,,,21,,,,,,1,,,,,,1,,,,,,4,,,,,,2,,,,,,9,,,,,,8,,,,,,1,,,,,,3,,,,,,17,,,,,,9,,,,,,5,,,,,,20,,,,,,72,,,101,,,0,,,13,,,,,,3,,,,,,35,,,,,,1,,,,,,17,,,,,,,,,,,,57,,,69,,,0,,
,27251,23906,3198,1,1672,,,7,,,BL-1672-07-recto,,,28,,,January,,,4,,,February,,,1,,,,,,2,,,,,,,,,,,,,,,,,,,,,,,,,,,,,,1,,,,,,,,,,,,2,,,,,,1,,,,,,,,,,,,,,,,,,,,,,,,,,,,,,2,,,,,,1,,,,,,,,,,,,,,,,,,,,,,,,2,,,,,,3,,,,,,,,,,,,,,,,,,1,,,,,,,,,,,,,,,,,,,,,,,,2,,,,,,,,,,,,1,,,,,,1,,,,,,3,,,,,,,,,,,,,,,,,,,,,,,,,,,,,,,,,,,,1,,,,,,,,,,,,,,,,,,,,,,,,3,,,,,,1,,,,,,,,,,,,,,,,,,,,,,,,,,,,,,,,,,,,,,,,,,,,,,,,,,,,,,1,,,,,,,,,,,,,,,,,,1,,,,,,,,,,,,,,,,,,,,,,,,,,,,,,,,,,,,1,,,,,,,,,,,,,,,,,,2,,,,,,,,,,,,,,,,,,2,,,,,,2,,,,,,3,,,,,,,,,,,,,,,,,,1,,,,,,,,,,,,1,,,,,,,,,,,,1,,,,,,,,,,,,,,,,,,,,,,,,,,,,,,2,,,,,,,,,,,,1,,,,,,,,,,,,2,,,,,,,,,,,,,,,,,,,,,,,,,,,,,,,,,,,,,,,,,,,,,,,,2,,,,,,,,,,,,,,,,,,,,,,,,,,,,,,23,,,50,,,0,,,31,,,,,,3,,,,,,,,,,,,7,,,,,,1,,,,,,5,,,,,,16,,,,,,8,,,,,,2,,,,,,7,,,,,,8,,,,,,27,,,,,,16,,,,,,14,,,,,,15,,,,,,2,,,,,,1,,,,,,,,,,,,95,,,163,,,0,,,33,,,,,,1,,,,,,11,,,,,,2,,,,,,10,,,,,,7,,,,,,7,,,,,,6,,,,,,2,,,,,,12,,,,,,10,,,,,,2,,,,,,31,,,,,,75,,,134,,,0,,,12,,,,,,6,,,,,,41,,,,,,,,,,,,20,,,,,,,,,,,,57,,,79,,,0,,
,27252,23907,3199,1,1672,,,8,,,BL-1672-08-recto,,,4,,,February,,,11,,,February,,,,,,,,,2,,,,,,1,,,,,,1,,,,,,,,,,,,1,,,,,,1,,,,,,1,,,,,,2,,,,,,1,,,,,,,,,,,,1,,,,,,,,,,,,2,,,,,,,,,,,,,,,,,,,,,,,,,,,,,,,,,,,,,,,,,,,,,,,,,,,,,,,,,,,,2,,,,,,,,,,,,,,,,,,,,,,,,3,,,,,,,,,,,,,,,,,,,,,,,,1,,,,,,,,,,,,,,,,,,1,,,,,,1,,,,,,,,,,,,,,,,,,,,,,,,,,,,,,,,,,,,,,,,,,2,,,,,,2,,,,,,,,,,,,1,,,,,,,,,,,,1,,,,,,,,,,,,,,,,,,,,,,,,,,,,,,,,,,,,,,,,,,1,,,,,,,,,,,,,,,,,,,,,,,,,,,,,,,,,,,,,,,,,,1,,,,,,,,,,,,1,,,,,,1,,,,,,,,,,,,3,,,,,,1,,,,,,,,,,,,1,,,,,,,,,,,,,,,,,,1,,,,,,,,,,,,1,,,,,,,,,,,,,,,,,,,,,,,,,,,,,,,,,,,,,,,,,,,,,,,,2,,,,,,,,,,,,,,,,,,1,,,,,,,,,,,,2,,,,,,,,,,,,,,,,,,,,,,,,1,,,,,,2,,,,,,,,,,,,,,,,,,,,,,,,,,,,,,21,,,47,,,0,,,21,,,,,,,,,,,,,,,,,,5,,,,,,,,,,,,5,,,,,,13,,,,,,7,,,,,,2,,,,,,3,,,,,,1,,,,,,29,,,,,,16,,,,,,20,,,,,,12,,,,,,2,,,,,,,,,,,,,,,,,,103,,,136,,,0,,,25,,,,,,3,,,,,,5,,,,,,4,,,,,,5,,,,,,10,,,,,,9,,,,,,1,,,,,,1,,,,,,12,,,,,,6,,,,,,2,,,,,,29,,,,,,91,,,112,,,0,,,8,,,,,,4,,,,,,27,,,,,,3,,,,,,29,,,,,,,,,,,,55,,,71,,,0,,
,27253,23908,3200,1,1672,,,9,,,BL-1672-09-recto,,,11,,,February,,,18,,,February,,,,,,,,,2,,,,,,,,,,,,1,,,,,,,,,,,,,,,,,,4,,,,,,,,,,,,1,,,,,,,,,,,,1,,,,,,1,,,,,,,,,,,,2,,,,,,,,,,,,,,,,,,,,,,,,,,,,,,1,,,,,,,,,,,,2,,,,,,,,,,,,,,,,,,4,,,,,,,,,,,,,,,,,,1,,,,,,5,,,,,,1,,,,,,,,,,,,2,,,,,,,,,,,,,,,,,,,,,,,,,,,,,,1,,,,,,1,,,,,,1,,,,,,,,,,,,,,,,,,1,,,,,,,,,,,,2,,,,,,,,,,,,,,,,,,1,,,,,,1,,,,,,1,,,,,,3,,,,,,1,,,,,,,,,,,,1,,,,,,1,,,,,,2,,,,,,,,,,,,,,,,,,,,,,,,,,,,,,,,,,,,,,,,,,,,,,,,,,,,,,,,,,,,,,,,,,,,,,,,,,,,,,,,,,,,1,,,,,,1,,,,,,,,,,,,1,,,,,,,,,,,,,,,,,,,,,,,,,,,,,,,,,,,,,,,,,,,,,,,,,,,,,,,,,,,,2,,,,,,,,,,,,,,,,,,,,,,,,3,,,,,,,,,,,,2,,,,,,,,,,,,,,,,,,1,,,,,,,,,,,,2,,,,,,2,,,,,,,,,,,,,,,,,,1,,,,,,1,,,,,,36,,,62,,,0,,,24,,,,,,1,,,,,,2,,,,,,5,,,,,,1,,,,,,6,,,,,,19,,,,,,13,,,,,,1,,,,,,5,,,,,,9,,,,,,28,,,,,,19,,,,,,12,,,,,,18,,,,,,2,,,,,,1,,,,,,,,,,,,91,,,166,,,0,,,32,,,,,,1,,,,,,13,,,,,,6,,,,,,3,,,,,,5,,,,,,14,,,,,,3,,,,,,2,,,,,,16,,,,,,7,,,,,,3,,,,,,31,,,,,,74,,,135,,,0,,,12,,,,,,3,,,,,,34,,,,,,5,,,,,,22,,,,,,,,,,,,45,,,76,,,0,,
,27254,23909,3201,1,1672,,,10,,,BL-1672-10-recto,,,18,,,February,,,25,,,February,,,1,,,,,,2,,,,,,,,,,,,,,,,,,,,,,,,1,,,,,,1,,,,,,1,,,,,,,,,,,,2,,,,,,,,,,,,1,,,,,,,,,,,,,,,,,,1,,,,,,,,,,,,,,,,,,,,,,,,,,,,,,2,,,,,,,,,,,,,,,,,,,,,,,,1,,,,,,,,,,,,,,,,,,,,,,,,4,,,,,,,,,,,,1,,,,,,2,,,,,,,,,,,,,,,,,,,,,,,,2,,,,,,,,,,,,,,,,,,,,,,,,,,,,,,,,,,,,1,,,,,,,,,,,,2,,,,,,,,,,,,,,,,,,1,,,,,,,,,,,,2,,,,,,,,,,,,,,,,,,,,,,,,,,,,,,,,,,,,1,,,,,,,,,,,,,,,,,,,,,,,,1,,,,,,1,,,,,,,,,,,,,,,,,,,,,,,,,,,,,,1,,,,,,,,,,,,3,,,,,,1,,,,,,,,,,,,,,,,,,1,,,,,,,,,,,,,,,,,,,,,,,,,,,,,,,,,,,,,,,,,,,,,,,,,,,,,,,,,,,,,,,,,,2,,,,,,,,,,,,,,,,,,1,,,,,,1,,,,,,,,,,,,,,,,,,,,,,,,,,,,,,2,,,,,,,,,,,,,,,,,,4,,,,,,,,,,,,,,,,,,1,,,,,,,,,,,,20,,,48,,,0,,,19,,,,,,2,,,,,,2,,,,,,8,,,,,,,,,,,,2,,,,,,9,,,,,,5,,,,,,1,,,,,,7,,,,,,5,,,,,,30,,,,,,20,,,,,,9,,,,,,10,,,,,,1,,,,,,1,,,,,,,,,,,,100,,,131,,,0,,,13,,,,,,1,,,,,,6,,,,,,4,,,,,,3,,,,,,10,,,,,,4,,,,,,3,,,,,,1,,,,,,20,,,,,,8,,,,,,5,,,,,,26,,,,,,87,,,104,,,0,,,6,,,,,,3,,,,,,24,,,,,,1,,,,,,28,,,,,,,,,,,,61,,,62,,,0,,
,27255,23910,3202,1,1672,,,11,,,BL-1672-11-recto,,,25,,,February,,,4,,,March,,,2,,,,,,1,,,,,,1,,,,,,1,,,,,,,,,,,,,,,,,,,,,,,,1,,,,,,3,,,,,,3,,,,,,1,,,,,,,,,,,,1,,,,,,,,,,,,1,,,,,,,,,,,,,,,,,,,,,,,,,,,,,,1,,,,,,1,,,,,,,,,,,,,,,,,,1,,,,,,,,,,,,,,,,,,,,,,,,1,,,,,,,,,,,,1,,,,,,,,,,,,,,,,,,,,,,,,,,,,,,1,,,,,,1,,,,,,2,,,,,,,,,,,,,,,,,,,,,,,,,,,,,,,,,,,,1,,,,,,3,,,,,,,,,,,,2,,,,,,,,,,,,,,,,,,,,,,,,,,,,,,,,,,,,,,,,,,,,,,,,,,,,,,1,,,,,,,,,,,,,,,,,,,,,,,,,,,,,,,,,,,,2,,,,,,,,,,,,,,,,,,,,,,,,,,,,,,2,,,,,,,,,,,,,,,,,,,,,,,,1,,,,,,,,,,,,,,,,,,1,,,,,,,,,,,,2,,,,,,2,,,,,,,,,,,,1,,,,,,,,,,,,,,,,,,5,,,,,,,,,,,,,,,,,,,,,,,,1,,,,,,,,,,,,1,,,,,,,,,,,,,,,,,,,,,,,,,,,,,,2,,,,,,5,,,,,,,,,,,,2,,,,,,1,,,,,,,,,,,,37,,,59,,,0,,,23,,,,,,2,,,,,,1,,,,,,7,,,,,,,,,,,,3,,,,,,18,,,,,,6,,,,,,2,,,,,,,,,,,,5,,,,,,31,,,,,,22,,,,,,19,,,,,,6,,,,,,,,,,,,,,,,,,,,,,,,89,,,145,,,0,,,18,,,,,,1,,,,,,11,,,,,,4,,,,,,2,,,,,,10,,,,,,10,,,,,,4,,,,,,3,,,,,,14,,,,,,5,,,,,,3,,,,,,40,,,,,,80,,,125,,,0,,,10,,,,,,3,,,,,,36,,,,,,,,,,,,23,,,,,,,,,,,,39,,,72,,,0,,
,27256,23911,3204,1,1672,,,12,,,BL-1672-12-recto,,,4,,,March,,,11,,,March,,,,,,,,,2,,,,,,,,,,,,2,,,,,,,,,,,,,,,,,,,,,,,,2,,,,,,4,,,,,,,,,,,,,,,,,,1,,,,,,,,,,,,,,,,,,1,,,,,,,,,,,,,,,,,,1,,,,,,2,,,,,,,,,,,,,,,,,,,,,,,,1,,,,,,8,,,,,,,,,,,,1,,,,,,,,,,,,,,,,,,,,,,,,1,,,,,,1,,,,,,1,,,,,,,,,,,,1,,,,,,1,,,,,,1,,,,,,1,,,,,,,,,,,,,,,,,,1,,,,,,,,,,,,,,,,,,3,,,,,,2,,,,,,,,,,,,,,,,,,,,,,,,2,,,,,,,,,,,,,,,,,,,,,,,,1,,,,,,1,,,,,,,,,,,,1,,,,,,,,,,,,,,,,,,,,,,,,,,,,,,,,,,,,1,,,,,,,,,,,,,,,,,,,,,,,,,,,,,,,,,,,,,,,,,,1,,,,,,1,,,,,,,,,,,,,,,,,,,,,,,,1,,,,,,1,,,,,,,,,,,,,,,,,,,,,,,,1,,,,,,1,,,,,,,,,,,,,,,,,,,,,,,,,,,,,,,,,,,,,,,,,,,,,,,,1,,,,,,,,,,,,,,,,,,1,,,,,,,,,,,,,,,,,,3,,,,,,,,,,,,1,,,,,,,,,,,,1,,,,,,34,,,57,,,0,,,12,,,,,,1,,,,,,,,,,,,7,,,,,,,,,,,,7,,,,,,13,,,,,,8,,,,,,3,,,,,,6,,,,,,3,,,,,,28,,,,,,20,,,,,,8,,,1,,,17,,,,,,2,,,,,,,,,,,,,,,,,,84,,,135,,,1,,,24,,,,,,3,,,,,,4,,,,,,3,,,,,,4,,,,,,10,,,,,,10,,,,,,3,,,,,,4,,,,,,16,,,,,,9,,,,,,1,,,,,,39,,,,,,75,,,130,,,0,,,7,,,,,,1,,,,,,30,,,,,,,,,,,,13,,,,,,,,,,,,50,,,51,,,0,,
,27257,23912,3205,1,1672,,,13,,,BL-1672-13-recto,,,11,,,March,,,18,,,March,,,,,,,,,,,,,,,,,,,,,,,,,,,,,,,,,,,,,,,,,,,,,,,,,,,2,,,,,,2,,,,,,,,,,,,1,,,,,,,,,,,,2,,,,,,2,,,,,,,,,,,,,,,,,,,,,,,,,,,,,,,,,,,,,,,,,,,,,,,,,,,,,,1,,,,,,2,,,,,,,,,,,,,,,,,,1,,,,,,1,,,,,,,,,,,,,,,,,,1,,,,,,,,,,,,,,,,,,3,,,,,,1,,,,,,,,,,,,,,,,,,,,,,,,,,,,,,,,,,,,2,,,,,,1,,,,,,,,,,,,,,,,,,,,,,,,,,,,,,,,,,,,,,,,,,,,,,,,,,,,,,,,,,,,1,,,,,,1,,,,,,1,,,,,,,,,,,,,,,,,,,,,,,,1,,,,,,,,,,,,,,,,,,,,,,,,,,,,,,2,,,,,,,,,,,,2,,,,,,,,,,,,,,,,,,,,,,,,,,,,,,,,,,,,,,,,,,,,,,,,,,,,,,3,,,,,,,,,,,,,,,,,,,,,,,,1,,,,,,,,,,,,,,,,,,,,,,,,,,,,,,1,,,,,,,,,,,,1,,,,,,,,,,,,1,,,,,,,,,,,,,,,,,,1,,,,,,2,,,,,,2,,,,,,,,,,,,,,,,,,,,,,,,,,,,,,25,,,42,,,0,,,24,,,,,,1,,,,,,1,,,,,,5,,,,,,,,,,,,7,,,,,,26,,,,,,6,,,,,,3,,,,,,2,,,,,,6,,,,,,25,,,,,,23,,,,,,11,,,,,,12,,,,,,1,,,,,,1,,,,,,,,,,,,80,,,154,,,0,,,17,,,,,,1,,,,,,13,,,,,,7,,,,,,3,,,,,,9,,,,,,10,,,,,,9,,,,,,2,,,,,,13,,,,,,12,,,,,,2,,,,,,36,,,,,,74,,,134,,,0,,,12,,,,,,3,,,,,,25,,,,,,,,,,,,11,,,,,,,,,,,,41,,,51,,,0,,
,27258,23913,3206,1,1672,,,14,,,BL-1672-14-recto,,,18,,,March,,,25,,,March,,,1,,,,,,3,,,,,,,,,,,,1,,,,,,,,,,,,,,,,,,,,,,,,,,,,,,,,,,,,1,,,,,,,,,,,,,,,,,,1,,,,,,1,,,,,,,,,,,,,,,,,,,,,,,,,,,,,,,,,,,,,,,,,,,,,,,,,,,,,,1,,,,,,3,,,,,,,,,,,,,,,,,,,,,,,,1,,,,,,1,,,,,,,,,,,,,,,,,,,,,,,,1,,,,,,,,,,,,1,,,,,,,,,,,,,,,,,,1,,,,,,,,,,,,,,,,,,2,,,,,,,,,,,,2,,,,,,,,,,,,,,,,,,,,,,,,,,,,,,,,,,,,1,,,,,,,,,,,,,,,,,,,,,,,,,,,,,,1,,,,,,,,,,,,,,,,,,,,,,,,,,,,,,1,,,,,,,,,,,,,,,,,,,,,,,,,,,,,,,,,,,,,,,,,,,,,,,,,,,,,,,,,,,,,,,,,,,,,,,,,,,,,,,,,,,,2,,,,,,1,,,,,,1,,,,,,1,,,,,,,,,,,,,,,,,,,,,,,,,,,,,,1,,,,,,,,,,,,,,,,,,1,,,,,,,,,,,,,,,,,,1,,,,,,,,,,,,,,,,,,1,,,,,,1,,,,,,1,,,,,,,,,,,,,,,,,,,,,,,,1,,,,,,1,,,,,,26,,,37,,,0,,,19,,,,,,2,,,,,,,,,,,,2,,,,,,,,,,,,4,,,,,,7,,,,,,5,,,,,,1,,,,,,2,,,,,,7,,,,,,21,,,,,,14,,,,,,5,,,,,,13,,,,,,,,,,,,,,,,,,,,,,,,90,,,102,,,0,,,18,,,,,,1,,,,,,5,,,,,,4,,,,,,2,,,,,,6,,,,,,11,,,,,,4,,,,,,,,,,,,15,,,,,,3,,,,,,3,,,,,,19,,,,,,75,,,91,,,0,,,6,,,,,,3,,,,,,34,,,,,,2,,,,,,14,,,,,,,,,,,,43,,,59,,,0,,
,27059,23861,3316,1,1672,,,14,,,BL-1672-14-recto,,,19,,,March,,,26,,,March,,,2,,,,,,3,,,,,,,,,,,,1,,,,,,,,,,,,1,,,,,,2,,,,,,2,,,,,,1,,,,,,2,,,,,,,,,,,,2,,,,,,1,,,,,,1,,,,,,1,,,,,,1,,,,,,1,,,,,,,,,,,,,,,,,,,,,,,,1,,,,,,,,,,,,,,,,,,,,,,,,1,,,,,,,,,,,,,,,,,,2,,,,,,,,,,,,,,,,,,,,,,,,2,,,,,,,,,,,,,,,,,,,,,,,,1,,,,,,1,,,,,,2,,,,,,,,,,,,,,,,,,,,,,,,,,,,,,3,,,,,,2,,,,,,,,,,,,,,,,,,,,,,,,,,,,,,2,,,,,,,,,,,,,,,,,,1,,,,,,,,,,,,,,,,,,,,,,,,1,,,,,,,,,,,,,,,,,,,,,,,,,,,,,,,,,,,,,,,,,,,,,,,,1,,,,,,,,,,,,,,,,,,,,,,,,,,,,,,,,,,,,,,,,,,,,,,,,,,,,,,,,,,,,1,,,,,,,,,,,,,,,,,,,,,,,,,,,,,,,,,,,,,,,,,,,,,,,,,,,,,,,,,,,,1,,,,,,1,,,,,,1,,,,,,,,,,,,1,,,,,,,,,,,,,,,,,,,,,,,,,,,,,,3,,,,,,,,,,,,1,,,,,,,,,,,,,,,,,,25,,,51,,,0,,,13,,,,,,,,,,,,,,,,,,2,,,,,,,,,,,,4,,,,,,13,,,,,,15,,,,,,4,,,,,,4,,,,,,6,,,,,,31,,,,,,16,,,1,,,8,,,,,,16,,,,,,2,,,,,,2,,,,,,,,,,,,115,,,136,,,1,,,23,,,,,,2,,,,,,9,,,,,,5,,,,,,5,,,,,,11,,,,,,8,,,,,,5,,,,,,2,,,,,,21,,,,,,6,,,,,,,,,,,,35,,,,,,72,,,132,,,0,,,13,,,,,,1,,,,,,33,,,,,,1,,,,,,14,,,,,,,,,,,,36,,,62,,,0,,
,27060,23862,3317,1,1672,,,15,,,BL-1672-15-recto,,,26,,,March,,,2,,,April,,,,,,,,,1,,,,,,1,,,,,,,,,,,,,,,,,,,,,,,,1,,,,,,,,,,,,2,,,,,,2,,,,,,1,,,,,,2,,,,,,,,,,,,,,,,,,1,,,,,,,,,,,,,,,,,,,,,,,,,,,,,,,,,,,,,,,,,,,,,,,,,,,,,,1,,,,,,,,,,,,2,,,,,,1,,,,,,2,,,,,,,,,,,,,,,,,,,,,,,,2,,,,,,,,,,,,,,,,,,1,,,,,,2,,,,,,1,,,,,,2,,,,,,,,,,,,1,,,,,,1,,,,,,,,,,,,1,,,,,,2,,,,,,,,,,,,,,,,,,,,,,,,,,,,,,,,,,,,,,,,,,,,,,,,,,,,,,,,,,,,,,,,,,1,,,,,,,,,,,,,,,,,,,,,,,,,,,,,,,,,,,,1,,,,,,,,,,,,,,,,,,1,,,,,,,,,,,,,,,,,,,,,,,,,,,,,,1,,,,,,1,,,,,,,,,,,,1,,,,,,,,,,,,,,,,,,,,,,,,2,,,,,,,,,,,,,,,,,,1,,,,,,,,,,,,,,,,,,1,,,,,,,,,,,,1,,,,,,,,,,,,,,,,,,,,,,,,,,,,,,,,,,,,1,,,,,,,,,,,,4,,,,,,3,,,,,,,,,,,,,,,,,,,,,,,,,,,,,,30,,,49,,,0,,,19,,,,,,2,,,,,,2,,,,,,3,,,,,,,,,,,,2,,,,,,23,,,,,,7,,,,,,,,,,,,,,,,,,6,,,,,,35,,,,,,21,,,,,,8,,,,,,16,,,,,,1,,,,,,,,,,,,,,,,,,85,,,145,,,0,,,21,,,,,,4,,,,,,4,,,,,,2,,,,,,4,,,,,,11,,,,,,6,,,,,,3,,,,,,1,,,,,,11,,,,,,2,,,,,,2,,,,,,28,,,,,,85,,,99,,,0,,,8,,,,,,3,,,,,,40,,,,,,2,,,,,,21,,,,,,,,,,,,38,,,74,,,0,,
,27061,23863,3318,1,1672,,,16,,,BL-1672-16-recto,,,2,,,April,,,9,,,April,,,1,,,,,,3,,,,,,1,,,,,,,,,,,,,,,,,,,,,,,,,,,,,,2,,,,,,2,,,,,,1,,,,,,,,,,,,1,,,,,,,,,,,,,,,,,,,,,,,,,,,,,,,,,,,,,,,,,,,,,,,,,,,,,,,,,,,,,,,,,,,,,,,,,,,,,,1,,,,,,,,,,,,,,,,,,,,,,,,1,,,,,,,,,,,,,,,,,,,,,,,,1,,,,,,,,,,,,1,,,,,,,,,,,,,,,,,,3,,,,,,,,,,,,,,,,,,,,,,,,,,,,,,1,,,,,,3,,,,,,,,,,,,,,,,,,1,,,,,,1,,,,,,,,,,,,,,,,,,,,,,,,,,,,,,,,,,,,,,,,,,,,,,,,,,,,,,,,,,,,,,,,,,1,,,,,,,,,,,,1,,,,,,,,,,,,,,,,,,2,,,,,,,,,,,,,,,,,,,,,,,,,,,,,,2,,,,,,1,,,,,,,,,,,,,,,,,,,,,,,,1,,,,,,,,,,,,,,,,,,,,,,,,,,,,,,1,,,,,,,,,,,,1,,,,,,,,,,,,,,,,,,,,,,,,,,,,,,,,,,,,,,,,,,,,,,,,,,,,,,,,,,,,,,,,,,2,,,,,,1,,,,,,,,,,,,,,,,,,,,,,,,,,,,,,22,,,37,,,0,,,29,,,,,,6,,,,,,1,,,,,,3,,,,,,,,,,,,10,,,,,,17,,,,,,8,,,,,,,,,,,,6,,,,,,7,,,,,,30,,,,,,16,,,,,,7,,,,,,9,,,,,,1,,,,,,,,,,,,,,,,,,82,,,149,,,0,,,15,,,,,,3,,,,,,9,,,,,,5,,,,,,9,,,,,,9,,,,,,4,,,,,,4,,,,,,1,,,,,,25,,,,,,8,,,,,,,,,,,,36,,,,,,85,,,128,,,0,,,7,,,,,,4,,,,,,19,,,,,,1,,,,,,19,,,,,,,,,,,,44,,,50,,,0,,
,27062,23864,3320,1,1672,,,17,,,BL-1672-17-recto,,,9,,,April,,,16,,,April,,,1,,,,,,1,,,,,,,,,,,,1,,,,,,,,,,,,,,,,,,1,,,,,,1,,,,,,3,,,,,,,,,,,,1,,,,,,2,,,,,,,,,,,,2,,,,,,1,,,,,,,,,,,,,,,,,,1,,,,,,,,,,,,1,,,,,,,,,,,,,,,,,,,,,,,,,,,,,,,,,,,,,,,,,,2,,,,,,2,,,,,,,,,,,,1,,,,,,1,,,,,,,,,,,,,,,,,,,,,,,,1,,,,,,1,,,,,,2,,,,,,,,,,,,1,,,,,,,,,,,,,,,,,,1,,,,,,3,,,,,,1,,,,,,,,,,,,1,,,,,,1,,,,,,,,,,,,,,,,,,,,,,,,,,,,,,,,,,,,,,,,,,,,,,,,,,,,,,,,,,,,,,,,,,,,,,,,,,,,,,,,,,,,,,,,,,1,,,,,,,,,,,,,,,,,,,,,,,,4,,,,,,,,,,,,,,,,,,,,,,,,,,,,,,,,,,,,,,,,,,1,,,,,,1,,,,,,,,,,,,3,,,,,,,,,,,,1,,,,,,,,,,,,,,,,,,,,,,,,,,,,,,,,,,,,,,,,,,,,,,,,,,,,,,,,,,,,,,,,,,,,,,,,,,,,,,,,,,,,,,,,,,4,,,,,,1,,,,,,,,,,,,,,,,,,,,,,,,32,,,50,,,0,,,15,,,,,,1,,,,,,1,,,,,,2,,,,,,1,,,,,,5,,,,,,7,,,,,,10,,,,,,2,,,,,,,,,,,,5,,,,,,25,,,,,,14,,,,,,7,,,,,,20,,,,,,1,,,,,,,,,,,,,,,,,,97,,,116,,,0,,,23,,,,,,3,,,,,,13,,,,,,2,,,,,,3,,,,,,8,,,,,,5,,,,,,4,,,,,,2,,,,,,17,,,,,,6,,,,,,1,,,,,,43,,,,,,79,,,130,,,0,,,9,,,,,,3,,,,,,26,,,,,,1,,,,,,25,,,,,,,,,,,,47,,,64,,,0,,
,27094,23865,3392,1,1672,,,18,,,BL-1672-18-recto,,,16,,,April,,,23,,,April,,,,,,,,,,,,,,,,,,,,,1,,,,,,,,,,,,,,,,,,,,,,,,1,,,,,,1,,,,,,,,,,,,,,,,,,1,,,,,,2,,,,,,1,,,,,,,,,,,,,,,,,,,,,,,,,,,,,,,,,,,,,,,,,,,,,,,,,,,,,,,,,,,,1,,,,,,,,,,,,,,,,,,,,,,,,1,,,,,,,,,,,,,,,,,,,,,,,,,,,,,,,,,,,,,,,,,,3,,,,,,1,,,,,,2,,,,,,2,,,,,,,,,,,,,,,,,,,,,,,,1,,,,,,,,,,,,,,,,,,,,,,,,,,,,,,,,,,,,,,,,,,,,,,,,,,,,,,,,,,,,,,,,,,2,,,,,,1,,,,,,,,,,,,1,,,,,,,,,,,,,,,,,,,,,,,,,,,,,,2,,,,,,,,,,,,,,,,,,,,,,,,,,,,,,,,,,,,1,,,,,,,,,,,,2,,,,,,,,,,,,,,,,,,,,,,,,,,,,,,,,,,,,1,,,,,,,,,,,,,,,,,,1,,,,,,1,,,,,,1,,,,,,,,,,,,,,,,,,,,,,,,1,,,,,,,,,,,,,,,,,,,,,,,,,,,,,,,,,,,,,,,,,,,,,,,,,,,,,,2,,,,,,1,,,,,,,,,,,,,,,,,,,,,,,,19,,,35,,,0,,,14,,,,,,,,,,,,1,,,,,,4,,,,,,1,,,,,,4,,,,,,12,,,,,,9,,,,,,5,,,,,,5,,,,,,7,,,,,,25,,,,,,23,,,,,,14,,,,,,25,,,,,,4,,,,,,,,,,,,,,,,,,107,,,153,,,0,,,19,,,,,,,,,,,,8,,,,,,3,,,,,,7,,,,,,7,,,,,,6,,,,,,4,,,,,,2,,,,,,10,,,,,,9,,,,,,2,,,,,,32,,,,,,89,,,109,,,0,,,9,,,,,,4,,,,,,26,,,,,,2,,,,,,11,,,,,,,,,,,,54,,,52,,,0,,
,27095,23866,3393,1,1672,,,19,,,BL-1672-19-recto,,,23,,,April,,,30,,,April,,,,,,,,,2,,,,,,,,,,,,1,,,,,,,,,,,,2,,,,,,1,,,,,,1,,,,,,1,,,,,,1,,,,,,,,,,,,2,,,,,,1,,,,,,,,,,,,1,,,,,,,,,,,,,,,,,,1,,,,,,1,,,,,,,,,,,,,,,,,,,,,,,,,,,,,,1,,,,,,,,,,,,,,,,,,1,,,,,,2,,,,,,,,,,,,,,,,,,,,,,,,,,,,,,,,,,,,,,,,,,1,,,,,,1,,,,,,,,,,,,3,,,,,,1,,,,,,,,,,,,,,,,,,2,,,,,,,,,,,,1,,,,,,,,,,,,,,,,,,,,,,,,1,,,,,,,,,,,,,,,,,,,,,,,,,,,,,,,,,,,,,,,,,,1,,,,,,,,,,,,,,,,,,,,,,,,,,,,,,,,,,,,1,,,,,,,,,,,,,,,,,,,,,,,,,,,,,,,,,,,,,,,,,,,,,,,,,,,,,,,,,,,,,,,,,,,,,,,,,,,,,,,,,,,,,,,,,,1,,,,,,,,,,,,,,,,,,1,,,,,,,,,,,,4,,,,,,,,,,,,,,,,,,,,,,,,,,,,,,,,,,,,1,,,,,,,,,,,,,,,,,,,,,,,,,,,,,,,,,,,,,,,,,,,,,,,,,,,,,,,,,,,,,,,,,,20,,,38,,,0,,,24,,,,,,1,,,,,,,,,,,,2,,,,,,,,,,,,7,,,,,,14,,,,,,12,,,,,,3,,,,,,4,,,,,,8,,,,,,20,,,,,,22,,,,,,9,,,,,,11,,,,,,3,,,,,,,,,,,,,,,,,,83,,,140,,,0,,,16,,,,,,2,,,,,,9,,,,,,2,,,,,,8,,,,,,10,,,,,,11,,,,,,3,,,,,,1,,,,,,12,,,,,,13,,,,,,,,,,,,28,,,,,,94,,,115,,,0,,,10,,,,,,4,,,,,,27,,,,,,2,,,,,,14,,,,,,,,,,,,42,,,57,,,0,,
,27096,23867,3394,1,1672,,,20,,,BL-1672-20-recto,,,30,,,April,,,7,,,May,,,1,,,,,,5,,,,,,,,,,,,,,,,,,,,,,,,,,,,,,1,,,,,,,,,,,,2,,,,,,,,,,,,,,,,,,1,,,,,,1,,,,,,2,,,,,,,,,,,,,,,,,,,,,,,,1,,,,,,,,,,,,,,,,,,,,,,,,,,,,,,,,,,,,3,,,,,,2,,,,,,,,,,,,,,,,,,1,,,,,,,,,,,,,,,,,,1,,,,,,2,,,,,,,,,,,,,,,,,,3,,,,,,1,,,,,,,,,,,,,,,,,,,,,,,,,,,,,,,,,,,,2,,,,,,1,,,,,,,,,,,,,,,,,,,,,,,,,,,,,,1,,,,,,,,,,,,,,,,,,,,,,,,,,,,,,1,,,,,,,,,,,,,,,,,,,,,,,,,,,,,,,,,,,,,,,,,,,,,,,,1,,,,,,,,,,,,,,,,,,,,,,,,,,,,,,,,,,,,,,,,,,,,,,,,,,,,,,,,,,,,,,,,,,1,,,,,,1,,,,,,1,,,,,,1,,,,,,1,,,,,,,,,,,,1,,,,,,,,,,,,,,,,,,5,,,,,,,,,,,,,,,,,,,,,,,,,,,,,,,,,,,,1,,,,,,1,,,,,,,,,,,,,,,,,,,,,,,,,,,,,,2,,,,,,,,,,,,,,,,,,,,,,,,,,,,,,17,,,48,,,0,,,22,,,,,,2,,,,,,,,,,,,1,,,,,,,,,,,,5,,,,,,10,,,,,,11,,,,,,3,,,,,,3,,,,,,,,,,,,16,,,,,,22,,,,,,12,,,,,,10,,,,,,3,,,,,,,,,,,,,,,,,,86,,,120,,,0,,,30,,,,,,3,,,,,,7,,,,,,4,,,,,,5,,,,,,9,,,,,,7,,,,,,4,,,,,,4,,,,,,15,,,,,,15,,,1,,,9,,,,,,30,,,,,,96,,,142,,,1,,,14,,,,,,2,,,,,,26,,,,,,3,,,,,,9,,,,,,,,,,,,43,,,54,,,0,,
,27097,23868,3395,1,1672,,,21,,,BL-1672-21-recto,,,7,,,May,,,14,,,May,,,1,,,,,,2,,,,,,1,,,,,,,,,,,,,,,,,,,,,,,,,,,,,,,,,,,,,,,,,,2,,,,,,,,,,,,,,,,,,1,,,,,,,,,,,,2,,,,,,,,,,,,,,,,,,1,,,,,,,,,,,,,,,,,,,,,,,,,,,,,,,,,,,,2,,,,,,,,,,,,,,,,,,,,,,,,3,,,,,,,,,,,,1,,,,,,,,,,,,2,,,,,,,,,,,,,,,,,,3,,,,,,,,,,,,1,,,,,,1,,,,,,1,,,,,,,,,,,,,,,,,,4,,,,,,,,,,,,,,,,,,,,,,,,,,,,,,,,,,,,,,,,,,1,,,,,,,,,,,,,,,,,,,,,,,,,,,,,,,,,,,,,,,,,,1,,,,,,,,,,,,,,,,,,,,,,,,,,,,,,1,,,,,,,,,,,,,,,,,,,,,,,,,,,,,,1,,,,,,,,,,,,1,,,,,,,,,,,,,,,,,,,,,,,,,,,,,,,,,,,,1,,,,,,1,,,,,,,,,,,,,,,,,,,,,,,,1,,,,,,,,,,,,4,,,,,,,,,,,,,,,,,,,,,,,,1,,,,,,,,,,,,1,,,,,,,,,,,,,,,,,,,,,,,,,,,,,,1,,,,,,4,,,,,,1,,,,,,,,,,,,,,,,,,,,,,,,13,,,48,,,0,,,20,,,,,,2,,,,,,1,,,,,,2,,,,,,,,,,,,1,,,,,,13,,,,,,9,,,,,,,,,,,,3,,,,,,14,,,,,,21,,,,,,15,,,,,,13,,,,,,11,,,,,,1,,,,,,,,,,,,,,,,,,81,,,126,,,0,,,16,,,,,,3,,,,,,11,,,,,,2,,,,,,7,,,,,,10,,,,,,10,,,,,,5,,,,,,2,,,,,,24,,,,,,9,,,,,,5,,,,,,26,,,,,,82,,,130,,,0,,,7,,,,,,1,,,,,,26,,,,,,1,,,,,,19,,,,,,,,,,,,49,,,54,,,0,,
,27098,23869,3396,1,1672,,,22,,,BL-1672-22-recto,,,14,,,May,,,21,,,May,,,,,,,,,3,,,,,,1,,,,,,2,,,,,,,,,,,,1,,,,,,,,,,,,3,,,,,,3,,,,,,1,,,,,,,,,,,,3,,,,,,1,,,,,,2,,,,,,,,,,,,1,,,,,,,,,,,,1,,,,,,1,,,,,,,,,,,,,,,,,,,,,,,,,,,,,,1,,,,,,1,,,,,,,,,,,,,,,,,,,,,,,,,,,,,,,,,,,,,,,,,,,,,,,,,,,,,,,,,,,,,,,,,,,,,,,,1,,,,,,,,,,,,,,,,,,,,,,,,,,,,,,,,,,,,1,,,,,,1,,,,,,,,,,,,,,,,,,,,,,,,1,,,,,,1,,,,,,,,,,,,,,,,,,,,,,,,,,,,,,2,,,,,,,,,,,,,,,,,,,,,,,,,,,,,,,,,,,,,,,,,,1,,,,,,,,,,,,,,,,,,,,,,,,,,,,,,,,,,,,,,,,,,,,,,,,,,,,,,,,,,,,,,,,,,,,,,,,1,,,,,,,,,,,,,,,,,,2,,,,,,,,,,,,,,,,,,,,,,,,,,,,,,1,,,,,,,,,,,,,,,,,,,,,,,,,,,,,,,,,,,,,,,,,,,,,,,,,,,,,,,,,,,,,,,,,,1,,,,,,3,,,,,,,,,,,,1,,,,,,,,,,,,,,,,,,27,,,41,,,0,,,14,,,,,,2,,,,,,1,,,,,,1,,,,,,1,,,,,,2,,,,,,15,,,,,,9,,,,,,1,,,,,,6,,,,,,8,,,,,,26,,,,,,20,,,,,,11,,,,,,10,,,,,,2,,,,,,,,,,,,,,,,,,80,,,129,,,0,,,22,,,,,,3,,,,,,7,,,,,,4,,,,,,7,,,,,,8,,,,,,9,,,,,,3,,,,,,1,,,,,,21,,,,,,7,,,,,,,,,,,,36,,,,,,83,,,128,,,0,,,7,,,,,,3,,,,,,33,,,,,,1,,,,,,21,,,,,,,,,,,,43,,,65,,,0,,
,27099,23870,3397,1,1672,,,23,,,BL-1672-23-recto,,,21,,,May,,,28,,,May,,,,,,,,,,,,,,,,,,,,,,,,,,,,,,,,,1,,,,,,1,,,,,,,,,,,,,,,,,,,,,,,,,,,,,,,,,,,,,,,,,,,,,,,,2,,,,,,,,,,,,,,,,,,1,,,,,,,,,,,,,,,,,,,,,,,,,,,,,,2,,,,,,1,,,,,,,,,,,,,,,,,,,,,,,,1,,,,,,,,,,,,1,,,,,,3,,,,,,1,,,,,,,,,,,,,,,,,,2,,,,,,,,,,,,,,,,,,,,,,,,,,,,,,,,,,,,,,,,,,3,,,,,,2,,,,,,2,,,,,,,,,,,,,,,,,,,,,,,,2,,,,,,2,,,,,,,,,,,,,,,,,,,,,,,,,,,,,,,,,,,,1,,,,,,,,,,,,,,,,,,,,,,,,,,,,,,,,,,,,,,,,,,,,,,,,,,,,,,1,,,,,,,,,,,,,,,,,,2,,,,,,,,,,,,,,,,,,,,,,,,,,,,,,,,,,,,,,,,,,,,,,,,,,,,,,1,,,,,,,,,,,,,,,,,,1,,,,,,,,,,,,,,,,,,2,,,,,,,,,,,,1,,,,,,,,,,,,,,,,,,,,,,,,,,,,,,,,,,,,,,,,,,,,,,,,,,,,,,1,,,,,,,,,,,,,,,,,,,,,,,,,,,,,,13,,,37,,,0,,,20,,,,,,3,,,,,,1,,,,,,5,,,,,,1,,,,,,5,,,,,,13,,,,,,8,,,,,,2,,,,,,3,,,,,,4,,,,,,21,,,,,,9,,,,,,11,,,,,,16,,,,,,,,,,,,,,,,,,,,,,,,87,,,122,,,0,,,21,,,,,,2,,,,,,7,,,,,,2,,,,,,10,,,,,,6,,,,,,13,,,,,,2,,,,,,1,,,,,,13,,,,,,14,,,,,,5,,,,,,30,,,,,,78,,,126,,,0,,,10,,,,,,2,,,,,,32,,,,,,2,,,,,,13,,,,,,,,,,,,50,,,59,,,0,,
,27100,23871,3410,1,1672,,,24,,,BL-1672-24-recto,,,28,,,May,,,4,,,June,,,1,,,,,,2,,,,,,,,,,,,,,,,,,,,,,,,,,,,,,1,,,,,,1,,,,,,3,,,,,,1,,,,,,2,,,,,,1,,,,,,,,,,,,,,,,,,,,,,,,1,,,,,,,,,,,,,,,,,,1,,,,,,,,,,,,,,,,,,1,,,,,,2,,,,,,2,,,,,,,,,,,,,,,,,,,,,,,,,,,,,,,,,,,,,,,,,,,,,,,,1,,,,,,,,,,,,,,,,,,,,,,,,,,,,,,,,,,,,1,,,,,,2,,,,,,,,,,,,,,,,,,,,,,,,1,,,,,,,,,,,,,,,,,,,,,,,,,,,,,,3,,,,,,,,,,,,,,,,,,,,,,,,,,,,,,1,,,,,,1,,,,,,,,,,,,,,,,,,,,,,,,,,,,,,,,,,,,,,,,,,1,,,,,,,,,,,,,,,,,,,,,,,,,,,,,,,,,,,,,,,,,,,,,,,,,,,,,,,,,,,,,,,,,,,,,,,,,,,,,,2,,,,,,,,,,,,,,,,,,,,,,,,,,,,,,1,,,,,,1,,,,,,,,,,,,,,,,,,,,,,,,1,,,,,,3,,,,,,,,,,,,,,,,,,,,,,,,,,,,,,1,,,,,,,,,,,,,,,,,,,,,,,,,,,,,,,,,,,,,,,,,,,,,,,,32,,,39,,,0,,,12,,,,,,3,,,,,,2,,,,,,8,,,,,,,,,,,,7,,,,,,18,,,,,,8,,,,,,,,,,,,,,,,,,5,,,,,,25,,,,,,12,,,,,,21,,,,,,12,,,,,,3,,,,,,,,,,,,,,,,,,89,,,136,,,0,,,14,,,,,,2,,,,,,8,,,,,,4,,,,,,5,,,,,,4,,,,,,11,,,,,,8,,,,,,3,,,,,,18,,,,,,15,,,,,,2,,,,,,32,,,,,,73,,,126,,,0,,,13,,,,,,2,,,,,,33,,,,,,1,,,,,,20,,,,,,,,,,,,46,,,69,,,0,,
,27101,23872,3411,1,1672,,,25,,,BL-1672-25-recto,,,4,,,June,,,11,,,June,,,,,,,,,3,,,,,,,,,,,,,,,,,,,,,,,,,,,,,,,,,,,,1,,,,,,2,,,,,,,,,,,,,,,,,,,,,,,,1,,,,,,,,,,,,1,,,,,,,,,,,,,,,,,,,,,,,,,,,,,,,,,,,,1,,,,,,,,,,,,,,,,,,1,,,,,,,,,,,,1,,,,,,1,,,,,,1,,,,,,,,,,,,,,,,,,1,,,,,,,,,,,,,,,,,,,,,,,,1,,,,,,2,,,,,,2,,,,,,,,,,,,,,,,,,,,,,,,,,,,,,,,,,,,,,,,,,,,,,,,1,,,,,,,,,,,,1,,,,,,,,,,,,1,,,,,,,,,,,,,,,,,,,,,,,,,,,,,,2,,,,,,,,,,,,,,,,,,,,,,,,,,,,,,,,,,,,,,,,,,,,,,,,,,,,,,,,,,,,3,,,,,,,,,,,,,,,,,,,,,,,,,,,,,,1,,,,,,2,,,,,,,,,,,,,,,,,,,,,,,,,,,,,,,,,,,,1,,,,,,,,,,,,,,,,,,,,,,,,,,,,,,1,,,,,,,,,,,,,,,,,,1,,,,,,2,,,,,,,,,,,,1,,,,,,,,,,,,,,,,,,,,,,,,,,,,,,1,,,,,,1,,,,,,,,,,,,,,,,,,,,,,,,,,,,,,21,,,38,,,0,,,14,,,,,,4,,,,,,3,,,,,,6,,,,,,,,,,,,5,,,,,,12,,,,,,14,,,,,,1,,,,,,5,,,,,,4,,,,,,29,,,,,,27,,,,,,10,,,,,,11,,,,,,1,,,,,,,,,,,,,,,,,,81,,,146,,,0,,,21,,,,,,,,,,,,8,,,,,,1,,,,,,5,,,,,,7,,,,,,17,,,,,,4,,,,,,,,,,,,7,,,,,,7,,,,,,5,,,,,,30,,,,,,74,,,112,,,0,,,10,,,,,,2,,,,,,21,,,,,,3,,,,,,18,,,,,,,,,,,,56,,,54,,,0,,
,27102,23873,3412,1,1672,,,26,,,BL-1672-26-recto,,,11,,,June,,,18,,,June,,,,,,,,,3,,,,,,,,,,,,,,,,,,,,,,,,1,,,,,,,,,,,,,,,,,,,,,,,,,,,,,,,,,,,,2,,,,,,2,,,,,,,,,,,,1,,,,,,,,,,,,1,,,,,,,,,,,,,,,,,,,,,,,,1,,,,,,1,,,,,,,,,,,,2,,,,,,,,,,,,1,,,,,,,,,,,,2,,,,,,,,,,,,,,,,,,,,,,,,2,,,,,,,,,,,,,,,,,,,,,,,,1,,,,,,1,,,,,,,,,,,,,,,,,,1,,,,,,,,,,,,2,,,,,,,,,,,,1,,,,,,,,,,,,,,,,,,1,,,,,,2,,,,,,,,,,,,,,,,,,,,,,,,,,,,,,,,,,,,,,,,,,,,,,,,,,,,,,,,,,,,,,,,,,,,,,,,,,,,,,2,,,,,,,,,,,,,,,,,,,,,,,,,,,,,,,,,,,,,,,,,,,,,,,,2,,,,,,2,,,,,,,,,,,,1,,,,,,,,,,,,,,,,,,,,,,,,,,,,,,,,,,,,,,,,,,,,,,,,,,,,,,,,,,,,2,,,,,,,,,,,,1,,,,,,1,,,,,,,,,,,,1,,,,,,,,,,,,,,,,,,1,,,,,,,,,,,,2,,,,,,1,,,,,,2,,,,,,,,,,,,,,,,,,,,,,,,18,,,46,,,0,,,13,,,,,,,,,,,,,,,,,,5,,,,,,,,,,,,,,,,,,14,,,,,,8,,,,,,1,,,,,,3,,,,,,4,,,,,,27,,,,,,11,,,,,,15,,,,,,10,,,,,,1,,,,,,,,,,,,,,,,,,82,,,112,,,0,,,20,,,,,,2,,,,,,8,,,,,,4,,,,,,6,,,,,,10,,,,,,11,,,,,,5,,,,,,4,,,,,,12,,,,,,10,,,,,,4,,,,,,30,,,,,,68,,,126,,,0,,,11,,,,,,1,,,,,,31,,,,,,1,,,,,,13,,,,,,,,,,,,41,,,57,,,0,,
,27103,23874,3414,1,1672,,,27,,,BL-1672-27-recto,,,18,,,June,,,25,,,June,,,,,,,,,1,,,,,,,,,,,,,,,,,,,,,,,,,,,,,,,,,,,,,,,,,,1,,,,,,,,,,,,1,,,,,,1,,,,,,3,,,,,,1,,,,,,1,,,,,,1,,,,,,1,,,,,,2,,,,,,,,,,,,,,,,,,,,,,,,,,,,,,1,,,,,,3,,,,,,1,,,,,,,,,,,,,,,,,,2,,,,,,1,,,,,,,,,,,,,,,,,,,,,,,,,,,,,,1,,,,,,,,,,,,,,,,,,1,,,,,,,,,,,,,,,,,,,,,,,,,,,,,,,,,,,,1,,,,,,,,,,,,,,,,,,,,,,,,1,,,,,,1,,,,,,1,,,,,,,,,,,,,,,,,,,,,,,,,,,,,,2,,,,,,,,,,,,2,,,,,,,,,,,,,,,,,,,,,,,,,,,,,,,,,,,,,,,,,,,,,,,,,,,,,,,,,,,,1,,,,,,1,,,,,,,,,,,,,,,,,,,,,,,,,,,,,,,,,,,,,,,,,,,,,,,,,,,,,,,,,,,,,,,,,,,,,,,,,,,,,,,,,,,,,,,,,,,,,,,,,,,,,,,,,,,,2,,,,,,,,,,,,,,,,,,,,,,,,,,,,,,,,,,,,,,,,,,,,,,,,3,,,,,,1,,,,,,,,,,,,,,,,,,,,,,,,32,,,39,,,0,,,19,,,,,,,,,,,,1,,,,,,2,,,,,,,,,,,,3,,,,,,18,,,,,,6,,,,,,1,,,,,,4,,,,,,5,,,,,,24,,,,,,22,,,,,,15,,,,,,10,,,,,,2,,,,,,1,,,,,,,,,,,,87,,,133,,,0,,,22,,,,,,1,,,,,,7,,,,,,,,,,,,4,,,,,,12,,,,,,11,,,,,,6,,,,,,3,,,,,,23,,,,,,5,,,,,,3,,,,,,38,,,,,,75,,,135,,,0,,,15,,,,,,5,,,,,,33,,,,,,2,,,,,,15,,,,,,,,,,,,29,,,70,,,0,,
,27135,23875,3436,1,1672,,,28,,,BL-1672-28-recto,,,25,,,June,,,2,,,July,,,1,,,,,,,,,,,,,,,,,,1,,,,,,,,,,,,,,,,,,1,,,,,,1,,,,,,1,,,,,,,,,,,,,,,,,,,,,,,,1,,,,,,1,,,,,,2,,,,,,,,,,,,,,,,,,3,,,,,,1,,,,,,,,,,,,,,,,,,,,,,,,,,,,,,,,,,,,,,,,,,,,,,,,1,,,,,,,,,,,,,,,,,,1,,,,,,,,,,,,1,,,,,,,,,,,,,,,,,,,,,,,,,,,,,,,,,,,,,,,,,,1,,,,,,,,,,,,,,,,,,2,,,,,,,,,,,,1,,,,,,,,,,,,,,,,,,,,,,,,,,,,,,,,,,,,,,,,,,,,,,,,,,,,,,,,,,,,,,,,,,,,,,,,1,,,,,,,,,,,,,,,,,,,,,,,,,,,,,,1,,,,,,,,,,,,,,,,,,2,,,,,,1,,,,,,,,,,,,,,,,,,,,,,,,,,,,,,1,,,,,,1,,,,,,,,,,,,,,,,,,,,,,,,,,,,,,,,,,,,,,,,,,,,,,,,,,,,,,1,,,,,,,,,,,,,,,,,,,,,,,,,,,,,,,,,,,,2,,,,,,,,,,,,,,,,,,,,,,,,3,,,,,,,,,,,,,,,,,,4,,,,,,1,,,,,,2,,,,,,,,,,,,,,,,,,27,,,40,,,0,,,16,,,,,,1,,,,,,,,,,,,6,,,,,,,,,,,,3,,,,,,18,,,,,,12,,,,,,,,,,,,4,,,,,,5,,,,,,32,,,,,,26,,,,,,15,,,,,,11,,,,,,5,,,,,,,,,,,,,,,,,,98,,,154,,,0,,,23,,,,,,4,,,,,,11,,,,,,,,,,,,2,,,,,,8,,,,,,5,,,,,,5,,,,,,3,,,,,,11,,,,,,8,,,,,,,,,,,,31,,,,,,75,,,111,,,0,,,9,,,,,,1,,,,,,45,,,,,,2,,,,,,22,,,,,,,,,,,,48,,,79,,,0,,
,27136,23876,3437,1,1672,,,29,,,BL-1672-29-recto,,,2,,,July,,,9,,,July,,,,,,,,,1,,,,,,,,,,,,2,,,,,,,,,,,,,,,,,,2,,,,,,1,,,,,,2,,,,,,2,,,,,,2,,,,,,1,,,,,,,,,,,,,,,,,,,,,,,,,,,,,,,,,,,,,,,,,,,,,,,,,,,,,,,,,,,,,,,,,,,,,,,,,,,,,,,,,,,,,,,,,,1,,,,,,1,,,,,,1,,,,,,,,,,,,1,,,,,,,,,,,,1,,,,,,,,,,,,2,,,,,,1,,,,,,1,,,,,,,,,,,,,,,,,,,,,,,,,,,,,,1,,,,,,1,,,,,,1,,,,,,,,,,,,,,,,,,,,,,,,1,,,,,,,,,,,,,,,,,,,,,,,,,,,,,,,,,,,,,,,,,,,,,,,,,,,,,,,,,,,,,,,,,,,,,,,,1,,,,,,,,,,,,,,,,,,,,,,,,,,,,,,,,,,,,,,,,,,,,,,,,,,,,,,,,,,,,,,,,,,,,,,,,,,,,,,,,,,,,,,,,,,,,,,,,2,,,,,,,,,,,,,,,,,,,,,,,,,,,,,,1,,,,,,1,,,,,,,,,,,,,,,,,,1,,,,,,,,,,,,1,,,,,,,,,,,,,,,,,,2,,,,,,,,,,,,,,,,,,3,,,,,,,,,,,,1,,,,,,,,,,,,,,,,,,25,,,39,,,0,,,15,,,,,,2,,,,,,,,,,,,4,,,,,,,,,,,,3,,,,,,12,,,,,,5,,,,,,1,,,,,,1,,,,,,3,,,,,,26,,,,,,15,,,,,,9,,,,,,11,,,,,,4,,,,,,3,,,,,,,,,,,,84,,,114,,,0,,,16,,,,,,1,,,,,,4,,,,,,3,,,,,,3,,,,,,15,,,,,,8,,,,,,6,,,,,,1,,,,,,19,,,,,,8,,,,,,2,,,,,,31,,,,,,79,,,117,,,0,,,8,,,,,,1,,,,,,28,,,,,,1,,,,,,14,,,,,,,,,,,,48,,,52,,,0,,
,27137,23877,3438,1,1672,,,30,,,BL-1672-30-recto,,,9,,,July,,,16,,,July,,,1,,,,,,1,,,,,,,,,,,,,,,,,,,,,,,,,,,,,,,,,,,,,,,,,,2,,,,,,,,,,,,,,,,,,1,,,,,,1,,,,,,1,,,,,,,,,,,,1,,,,,,,,,,,,1,,,,,,,,,,,,,,,,,,1,,,,,,,,,,,,2,,,,,,,,,,,,,,,,,,,,,,,,,,,,,,1,,,,,,,,,,,,,,,,,,,,,,,,2,,,,,,,,,,,,1,,,,,,1,,,,,,1,,,,,,1,,,,,,,,,,,,1,,,,,,1,,,,,,,,,,,,,,,,,,1,,,,,,1,,,,,,,,,,,,,,,,,,1,,,,,,1,,,,,,,,,,,,,,,,,,,,,,,,,,,,,,,,,,,,1,,,,,,1,,,,,,1,,,,,,,,,,,,,,,,,,,,,,,,,,,,,,1,,,,,,,,,,,,,,,,,,1,,,,,,,,,,,,,,,,,,,,,,,,1,,,,,,,,,,,,,,,,,,,,,,,,,,,,,,,,,,,,,,,,,,,,,,,,,,,,,,,,,,,,,,,,,,,,,,,,,,,,,,,,,,,,1,,,,,,,,,,,,,,,,,,,,,,,,,,,,,,1,,,,,,,,,,,,,,,,,,2,,,,,,,,,,,,,,,,,,2,,,,,,,,,,,,2,,,,,,,,,,,,1,,,,,,26,,,40,,,0,,,28,,,,,,1,,,,,,1,,,,,,5,,,,,,,,,,,,2,,,,,,9,,,1,,,8,,,,,,2,,,,,,4,,,,,,5,,,,,,21,,,,,,18,,,,,,12,,,,,,8,,,,,,2,,,,,,1,,,,,,,,,,,,90,,,127,,,1,,,13,,,,,,,,,,,,6,,,,,,2,,,,,,6,,,,,,11,,,,,,9,,,,,,2,,,,,,4,,,,,,16,,,,,,6,,,,,,,,,,,,32,,,,,,77,,,107,,,0,,,9,,,,,,3,,,,,,32,,,,,,1,,,,,,12,,,,,,,,,,,,38,,,57,,,0,,
,27138,23878,3439,1,1672,,,31,,,BL-1672-31-recto,,,16,,,July,,,23,,,July,,,1,,,,,,,,,,,,,,,,,,,,,,,,,,,,,,,,,,,,,,,,,,,,,,,,4,,,,,,,,,,,,,,,,,,2,,,,,,,,,,,,1,,,,,,2,,,,,,1,,,,,,,,,,,,1,,,,,,,,,,,,,,,,,,3,,,,,,,,,,,,,,,,,,1,,,,,,,,,,,,,,,,,,,,,,,,,,,,,,2,,,,,,,,,,,,,,,,,,3,,,,,,,,,,,,,,,,,,1,,,,,,,,,,,,,,,,,,,,,,,,,,,,,,,,,,,,,,,,,,1,,,,,,4,,,,,,,,,,,,,,,,,,,,,,,,,,,,,,1,,,,,,,,,,,,,,,,,,,,,,,,,,,,,,1,,,,,,,,,,,,,,,,,,,,,,,,,,,,,,,,,,,,,,,,,,,,,,,,1,,,,,,,,,,,,,,,,,,,,,,,,1,,,,,,,,,,,,,,,,,,,,,,,,,,,,,,,,,,,,,,,,,,,,,,,,1,,,,,,,,,,,,,,,,,,,,,,,,,,,,,,,,,,,,,,,,,,,,,,,,,,,,,,,,,,,,,,,,,,1,,,,,,,,,,,,,,,,,,,,,,,,,,,,,,,,,,,,,,,,,,,,,,,,,,,,,,5,,,,,,,,,,,,,,,,,,,,,,,,,,,,,,24,,,38,,,0,,,17,,,,,,,,,,,,,,,,,,4,,,,,,,,,,,,6,,,,,,12,,,,,,8,,,,,,1,,,,,,8,,,,,,4,,,,,,29,,,,,,14,,,,,,10,,,,,,9,,,,,,1,,,,,,,,,,,,,,,,,,99,,,123,,,0,,,27,,,,,,2,,,,,,6,,,,,,4,,,,,,6,,,,,,12,,,,,,11,,,,,,5,,,,,,4,,,,,,14,,,,,,12,,,,,,2,,,,,,33,,,,,,87,,,138,,,0,,,12,,,,,,6,,,,,,29,,,,,,1,,,,,,12,,,,,,,,,,,,49,,,60,,,0,,
,27139,23879,3440,1,1672,,,32,,,BL-1672-32-recto,,,23,,,July,,,30,,,July,,,1,,,,,,1,,,,,,2,,,,,,1,,,,,,,,,,,,1,,,,,,1,,,,,,,,,,,,1,,,,,,2,,,,,,1,,,,,,4,,,,,,2,,,,,,,,,,,,1,,,,,,1,,,,,,,,,,,,,,,,,,,,,,,,,,,,,,,,,,,,,,,,,,,,,,,,4,,,,,,,,,,,,,,,,,,1,,,,,,1,,,,,,,,,,,,,,,,,,2,,,,,,2,,,,,,,,,,,,,,,,,,,,,,,,,,,,,,1,,,,,,1,,,,,,,,,,,,,,,,,,,,,,,,,,,,,,1,,,,,,2,,,,,,,,,,,,,,,,,,1,,,,,,2,,,,,,,,,,,,,,,,,,,,,,,,1,,,,,,1,,,,,,,,,,,,,,,,,,,,,,,,,,,,,,1,,,,,,,,,,,,,,,,,,,,,,,,,,,,,,,,,,,,2,,,,,,1,,,,,,2,,,,,,,,,,,,1,,,,,,,,,,,,,,,,,,,,,,,,,,,,,,,,,,,,1,,,,,,,,,,,,1,,,,,,,,,,,,,,,,,,,,,,,,,,,,,,,,,,,,,,,,,,,,,,,,,,,,,,2,,,,,,2,,,,,,,,,,,,,,,,,,,,,,,,,,,,,,1,,,,,,,,,,,,4,,,,,,,,,,,,,,,,,,,,,,,,,,,,,,26,,,57,,,0,,,15,,,,,,,,,,,,,,,,,,2,,,,,,,,,,,,6,,,,,,17,,,,,,4,,,,,,4,,,,,,4,,,,,,5,,,,,,29,,,,,,16,,,,,,10,,,,,,5,,,,,,3,,,,,,2,,,,,,,,,,,,102,,,122,,,0,,,23,,,,,,3,,,,,,10,,,,,,3,,,,,,5,,,,,,11,,,,,,9,,,,,,4,,,,,,1,,,,,,18,,,,,,4,,,,,,3,,,,,,29,,,,,,70,,,123,,,0,,,6,,,,,,,,,,,,31,,,,,,,,,,,,18,,,,,,,,,,,,43,,,55,,,0,,
,27140,23880,3441,1,1672,,,33,,,BL-1672-33-recto,,,30,,,July,,,6,,,August,,,,,,,,,2,,,,,,,,,,,,2,,,,,,,,,,,,,,,,,,,,,,,,,,,,,,1,,,,,,,,,,,,,,,,,,4,,,,,,1,,,,,,,,,,,,3,,,,,,,,,,,,,,,,,,,,,,,,,,,,,,,,,,,,1,,,,,,,,,,,,,,,,,,4,,,,,,1,,,,,,,,,,,,1,,,,,,2,,,,,,,,,,,,1,,,,,,1,,,,,,1,,,,,,,,,,,,,,,,,,,,,,,,,,,,,,1,,,,,,2,,,,,,,,,,,,,,,,,,,,,,,,1,,,,,,1,,,,,,2,,,,,,,,,,,,,,,,,,,,,,,,,,,,,,1,,,,,,,,,,,,,,,,,,,,,,,,,,,,,,1,,,,,,,,,,,,,,,,,,,,,,,,,,,,,,1,,,,,,1,,,,,,,,,,,,,,,,,,,,,,,,1,,,,,,,,,,,,,,,,,,2,,,,,,,,,,,,,,,,,,,,,,,,,,,,,,,,,,,,,,,,,,,,,,,,1,,,,,,,,,,,,,,,,,,,,,,,,,,,,,,,,,,,,2,,,,,,,,,,,,,,,,,,,,,,,,3,,,,,,,,,,,,,,,,,,,,,,,,,,,,,,1,,,,,,,,,,,,,,,,,,3,,,,,,,,,,,,1,,,,,,1,,,,,,,,,,,,30,,,51,,,0,,,21,,,,,,1,,,,,,,,,,,,6,,,,,,1,,,,,,3,,,,,,17,,,,,,10,,,,,,5,,,,,,6,,,,,,6,,,,,,25,,,,,,13,,,,,,11,,,,,,15,,,,,,3,,,,,,,,,,,,,,,,,,99,,,143,,,0,,,29,,,,,,,,,,,,5,,,,,,3,,,,,,2,,,,,,13,,,,,,8,,,,,,3,,,,,,2,,,,,,17,,,,,,8,,,,,,4,,,,,,32,,,,,,76,,,126,,,0,,,10,,,,,,2,,,,,,32,,,,,,1,,,,,,21,,,,,,,,,,,,49,,,66,,,0,,
,27141,23881,3470,1,1672,,,34,,,BL-1672-34-recto,,,6,,,August,,,13,,,August,,,,,,,,,4,,,,,,1,,,,,,2,,,,,,,,,,,,,,,,,,,,,,,,,,,,,,1,,,,,,3,,,,,,,,,,,,3,,,,,,,,,,,,1,,,,,,4,,,,,,,,,,,,,,,,,,,,,,,,2,,,,,,,,,,,,1,,,,,,,,,,,,,,,,,,1,,,,,,,,,,,,,,,,,,,,,,,,1,,,,,,,,,,,,,,,,,,,,,,,,1,,,,,,1,,,,,,,,,,,,2,,,,,,,,,,,,1,,,,,,,,,,,,,,,,,,,,,,,,,,,,,,,,,,,,,,,,,,,,,,,,,,,,,,1,,,,,,,,,,,,,,,,,,3,,,,,,,,,,,,,,,,,,,,,,,,,,,,,,1,,,,,,,,,,,,,,,,,,,,,,,,,,,,,,,,,,,,,,,,,,1,,,,,,,,,,,,,,,,,,1,,,,,,1,,,,,,,,,,,,,,,,,,,,,,,,,,,,,,1,,,,,,,,,,,,,,,,,,,,,,,,2,,,,,,,,,,,,1,,,,,,,,,,,,,,,,,,,,,,,,,,,,,,2,,,,,,,,,,,,,,,,,,1,,,,,,,,,,,,,,,,,,,,,,,,,,,,,,,,,,,,,,,,,,,,,,,,2,,,,,,2,,,,,,,,,,,,,,,,,,,,,,,,1,,,,,,25,,,49,,,0,,,34,,,,,,2,,,,,,1,,,,,,11,,,,,,,,,,,,6,,,,,,23,,,,,,12,,,,,,2,,,,,,4,,,,,,4,,,,,,26,,,,,,7,,,,,,7,,,,,,22,,,,,,2,,,,,,1,,,,,,,,,,,,82,,,164,,,0,,,25,,,,,,2,,,,,,15,,,,,,3,,,,,,4,,,1,,,10,,,,,,12,,,,,,4,,,,,,6,,,,,,10,,,,,,8,,,,,,1,,,,,,37,,,,,,83,,,137,,,1,,,8,,,,,,1,,,,,,30,,,,,,2,,,,,,23,,,,,,,,,,,,39,,,64,,,0,,
,27142,23882,3471,1,1672,,,35,,,BL-1672-35-recto,,,13,,,August,,,20,,,August,,,2,,,,,,2,,,,,,1,,,,,,,,,,,,,,,,,,,,,,,,1,,,,,,,,,,,,2,,,,,,1,,,,,,,,,,,,2,,,,,,1,,,,,,1,,,,,,1,,,,,,,,,,,,,,,,,,,,,,,,2,,,,,,,,,,,,,,,,,,,,,,,,1,,,,,,4,,,,,,,,,,,,,,,,,,,,,,,,3,,,,,,,,,,,,1,,,,,,1,,,,,,1,,,,,,,,,,,,,,,,,,,,,,,,1,,,,,,,,,,,,1,,,,,,,,,,,,,,,,,,,,,,,,1,,,,,,1,,,,,,,,,,,,1,,,,,,,,,,,,1,,,,,,,,,,,,,,,,,,,,,,,,,,,,,,,,,,,,1,,,,,,1,,,,,,,,,,,,1,,,,,,,,,,,,,,,,,,,,,,,,1,,,,,,,,,,,,,,,,,,,,,,,,,,,,,,,,,,,,1,,,,,,,,,,,,,,,,,,,,,,,,,,,,,,,,,,,,,,,,,,,,,,,,1,,,,,,,,,,,,,,,,,,,,,,,,,,,,,,,,,,,,,,,,,,,,,,,,,,,,,,,,,,,,1,,,,,,2,,,,,,,,,,,,,,,,,,,,,,,,,,,,,,1,,,,,,,,,,,,,,,,,,1,,,,,,,,,,,,1,,,,,,,,,,,,,,,,,,24,,,45,,,0,,,18,,,,,,4,,,,,,1,,,,,,4,,,,,,,,,,,,3,,,,,,18,,,,,,5,,,,,,1,,,,,,4,,,,,,3,,,,,,35,,,,,,11,,,,,,15,,,,,,21,,,,,,1,,,,,,,,,,,,,,,,,,93,,,144,,,0,,,27,,,,,,1,,,,,,11,,,,,,4,,,,,,7,,,,,,11,,,,,,10,,,,,,4,,,,,,3,,,,,,18,,,,,,7,,,,,,,,,,,,35,,,,,,81,,,138,,,0,,,17,,,,,,5,,,,,,43,,,,,,4,,,,,,24,,,,,,,,,,,,42,,,93,,,0,,
,27143,23883,3472,1,1672,,,36,,,BL-1672-36-recto,,,20,,,August,,,27,,,August,,,2,,,,,,1,,,,,,,,,,,,,,,,,,,,,,,,1,,,,,,,,,,,,,,,,,,1,,,,,,,,,,,,2,,,,,,1,,,,,,,,,,,,,,,,,,4,,,,,,1,,,,,,,,,,,,,,,,,,,,,,,,1,,,,,,1,,,,,,,,,,,,,,,,,,2,,,,,,,,,,,,,,,,,,,,,,,,1,,,,,,1,,,,,,,,,,,,1,,,,,,2,,,,,,,,,,,,1,,,,,,3,,,,,,,,,,,,,,,,,,,,,,,,,,,,,,,,,,,,,,,,,,,,,,,,,,,,,,,,,,,,,,,,,,,,,,,,,,,,,,2,,,,,,,,,,,,,,,,,,,,,,,,,,,,,,1,,,,,,1,,,,,,,,,,,,1,,,,,,,,,,,,,,,,,,,,,,,,,,,,,,,,,,,,,,,,,,,,,,,,,,,,,,,,,,,,,,,,,,1,,,,,,,,,,,,,,,,,,,,,,,,,,,,,,,,,,,,,,,,,,,,,,,,,,,,,,,,,,,,,,,,,,,,,,,,,,,,,,,,,,,,,,,,,,,,,,,,,,,,,,,,,,,,,,,,,,,,,,,,,,,,,,,,,,,,,,,,,,,,,,,,,,,,,,1,,,,,,2,,,,,,,,,,,,1,,,,,,,,,,,,,,,,,,25,,,36,,,0,,,16,,,,,,1,,,,,,,,,,,,6,,,,,,,,,,,,4,,,,,,14,,,,,,8,,,,,,4,,,,,,3,,,,,,7,,,,,,26,,,,,,18,,,,,,14,,,,,,13,,,,,,3,,,,,,,,,,,,,,,,,,96,,,137,,,0,,,33,,,,,,2,,,,,,8,,,,,,5,,,,,,8,,,,,,4,,,,,,5,,,,,,5,,,,,,3,,,,,,11,,,,,,7,,,,,,3,,,,,,38,,,,,,83,,,132,,,0,,,3,,,,,,4,,,,,,37,,,,,,2,,,,,,15,,,,,,,,,,,,48,,,61,,,0,,
,27144,23884,3473,1,1672,,,37,,,BL-1672-37-recto,,,27,,,August,,,3,,,September,,,,,,,,,2,,,,,,2,,,,,,,,,,,,,,,,,,,,,,,,1,,,,,,,,,,,,,,,,,,2,,,,,,,,,,,,,,,,,,,,,,,,1,,,,,,2,,,,,,,,,,,,,,,,,,2,,,,,,,,,,,,1,,,,,,,,,,,,,,,,,,,,,,,,3,,,,,,,,,,,,,,,,,,,,,,,,2,,,,,,1,,,,,,,,,,,,1,,,,,,,,,,,,,,,,,,,,,,,,,,,,,,,,,,,,,,,,,,1,,,,,,,,,,,,,,,,,,,,,,,,,,,,,,2,,,,,,1,,,,,,1,,,,,,,,,,,,,,,,,,,,,,,,,,,,,,,,,,,,,,,,,,,,,,,,,,,,,,,,,,,,1,,,,,,1,,,,,,,,,,,,,,,,,,,,,,,,,,,,,,,,,,,,,,,,,,,,,,,,1,,,,,,,,,,,,,,,,,,1,,,,,,3,,,,,,,,,,,,1,,,,,,,,,,,,1,,,,,,,,,,,,2,,,,,,1,,,,,,2,,,,,,,,,,,,,,,,,,,,,,,,1,,,,,,1,,,,,,,,,,,,,,,,,,,,,,,,1,,,,,,,,,,,,1,,,,,,1,,,,,,,,,,,,1,,,,,,,,,,,,,,,,,,4,,,,,,,,,,,,2,,,,,,,,,,,,,,,,,,38,,,51,,,0,,,20,,,,,,1,,,,,,,,,,,,1,,,,,,,,,,,,2,,,,,,7,,,,,,7,,,,,,3,,,,,,5,,,,,,7,,,,,,25,,,,,,8,,,,,,16,,,,,,14,,,,,,,,,,,,,,,,,,,,,,,,93,,,116,,,0,,,22,,,,,,2,,,,,,6,,,,,,1,,,,,,4,,,,,,7,,,,,,10,,,,,,3,,,,,,3,,,,,,9,,,,,,11,,,,,,2,,,,,,25,,,,,,77,,,105,,,0,,,7,,,,,,1,,,,,,30,,,,,,1,,,,,,17,,,,,,,,,,,,60,,,56,,,0,,
,27176,23885,3479,1,1672,,,38,,,BL-1672-38-recto,,,3,,,September,,,10,,,September,,,,,,,,,2,,,,,,,,,,,,1,,,,,,,,,,,,,,,,,,,,,,,,,,,,,,3,,,,,,3,,,,,,,,,,,,2,,,,,,,,,,,,2,,,,,,3,,,,,,,,,,,,,,,,,,,,,,,,,,,,,,2,,,,,,1,,,,,,,,,,,,,,,,,,2,,,,,,,,,,,,2,,,,,,1,,,,,,4,,,,,,,,,,,,1,,,,,,1,,,,,,1,,,,,,,,,,,,,,,,,,2,,,,,,1,,,,,,1,,,,,,1,,,,,,1,,,,,,,,,,,,2,,,,,,,,,,,,1,,,,,,,,,,,,,,,,,,,,,,,,1,,,,,,,,,,,,,,,,,,,,,,,,,,,,,,,,,,,,1,,,,,,1,,,,,,1,,,,,,,,,,,,,,,,,,1,,,,,,,,,,,,,,,,,,,,,,,,1,,,,,,,,,,,,1,,,,,,,,,,,,,,,,,,1,,,,,,1,,,,,,,,,,,,,,,,,,,,,,,,,,,,,,1,,,,,,,,,,,,,,,,,,1,,,,,,,,,,,,,,,,,,,,,,,,,,,,,,,,,,,,,,,,,,,,,,,,1,,,,,,1,,,,,,,,,,,,,,,,,,,,,,,,,,,,,,,,,,,,,,,,,,2,,,,,,1,,,,,,1,,,,,,,,,,,,,,,,,,,,,,,,31,,,57,,,0,,,28,,,,,,1,,,,,,1,,,,,,2,,,,,,,,,,,,7,,,,,,7,,,,,,6,,,,,,1,,,,,,3,,,,,,2,,,,,,18,,,,,,15,,,,,,18,,,,,,20,,,,,,1,,,,,,,,,,,,,,,,,,74,,,130,,,0,,,30,,,,,,2,,,,,,8,,,,,,2,,,,,,9,,,,,,4,,,,,,8,,,,,,4,,,,,,3,,,,,,14,,,,,,8,,,,,,2,,,,,,29,,,,,,85,,,123,,,0,,,10,,,,,,2,,,,,,31,,,,,,,,,,,,12,,,,,,,,,,,,43,,,55,,,0,,
,27177,23886,3480,1,1672,,,39,,,BL-1672-39-recto,,,10,,,September,,,17,,,September,,,2,,,,,,1,,,,,,,,,,,,1,,,,,,,,,,,,,,,,,,,,,,,,,,,,,,1,,,,,,,,,,,,,,,,,,1,,,,,,1,,,,,,1,,,,,,2,,,,,,,,,,,,,,,,,,,,,,,,,,,,,,1,,,,,,,,,,,,,,,,,,,,,,,,,,,,,,,,,,,,,,,,,,1,,,,,,,,,,,,,,,,,,,,,,,,,,,,,,1,,,,,,,,,,,,,,,,,,,,,,,,1,,,,,,,,,,,,,,,,,,,,,,,,,,,,,,,,,,,,1,,,,,,,,,,,,1,,,,,,,,,,,,1,,,,,,1,,,,,,,,,,,,,,,,,,,,,,,,,,,,,,,,,,,,,,,,,,,,,,,,,,,,,,1,,,,,,,,,,,,,,,,,,,,,,,,,,,,,,,,,,,,,,,,,,,,,,,,2,,,,,,,,,,,,,,,,,,,,,,,,,,,,,,1,,,,,,,,,,,,,,,,,,,,,,,,2,,,,,,,,,,,,,,,,,,,,,,,,,,,,,,,,,,,,,,,,,,1,,,,,,,,,,,,1,,,,,,,,,,,,,,,,,,,,,,,,,,,,,,,,,,,,,,,,,,,,,,,,,,,,,,,,,,,,,,,,,,3,,,,,,,,,,,,3,,,,,,,,,,,,,,,,,,17,,,32,,,0,,,16,,,,,,1,,,,,,,,,,,,2,,,,,,,,,,,,3,,,,,,17,,,,,,5,,,,,,5,,,,,,1,,,,,,5,,,,,,17,,,,,,25,,,,,,14,,,,,,13,,,,,,2,,,,,,1,,,,,,,,,,,,86,,,127,,,0,,,17,,,,,,2,,,,,,6,,,,,,4,,,,,,4,,,,,,11,,,,,,5,,,,,,5,,,,,,2,,,,,,18,,,,,,8,,,,,,1,,,,,,25,,,,,,79,,,108,,,0,,,5,,,,,,8,,,,,,19,,,,,,1,,,,,,25,,,,,,,,,,,,30,,,58,,,0,,
,27178,23887,3481,1,1672,,,40,,,BL-1672-40-recto,,,17,,,September,,,24,,,September,,,,,,,,,1,,,,,,,,,,,,,,,,,,,,,,,,2,,,,,,2,,,,,,1,,,,,,,,,,,,,,,,,,,,,,,,2,,,,,,,,,,,,,,,,,,1,,,,,,,,,,,,1,,,,,,2,,,,,,,,,,,,,,,,,,1,,,,,,,,,,,,,,,,,,1,,,,,,,,,,,,1,,,,,,,,,,,,3,,,,,,1,,,,,,2,,,,,,1,,,,,,,,,,,,,,,,,,1,,,,,,,,,,,,1,,,,,,,,,,,,2,,,,,,1,,,,,,,,,,,,1,,,,,,1,,,,,,3,,,,,,1,,,,,,,,,,,,,,,,,,,,,,,,1,,,,,,1,,,,,,,,,,,,,,,,,,1,,,,,,1,,,,,,1,,,,,,,,,,,,,,,,,,,,,,,,,,,,,,,,,,,,,,,,,,,,,,,,,,,,,,,,,,,,1,,,,,,,,,,,,,,,,,,,,,,,,,,,,,,,,,,,,,,,,,,,,,,,,2,,,,,,,,,,,,,,,,,,1,,,,,,1,,,,,,,,,,,,1,,,,,,,,,,,,1,,,,,,1,,,,,,2,,,,,,,,,,,,,,,,,,1,,,,,,,,,,,,,,,,,,,,,,,,,,,,,,1,,,,,,,,,,,,,,,,,,2,,,,,,,,,,,,1,,,,,,,,,,,,,,,,,,21,,,53,,,0,,,16,,,,,,,,,,,,,,,,,,2,,,,,,1,,,,,,3,,,,,,14,,,,,,7,,,,,,1,,,,,,3,,,,,,7,,,,,,20,,,,,,17,,,,,,11,,,,,,10,,,,,,2,,,,,,,,,,,,,,,,,,109,,,114,,,0,,,30,,,,,,2,,,,,,4,,,,,,4,,,,,,2,,,,,,12,,,,,,8,,,,,,3,,,,,,2,,,,,,12,,,,,,6,,,,,,2,,,,,,21,,,,,,98,,,108,,,0,,,8,,,,,,2,,,,,,31,,,,,,,,,,,,21,,,,,,,,,,,,53,,,62,,,0,,
,27179,23888,3482,1,1672,,,41,,,BL-1672-41-recto,,,24,,,September,,,1,,,October,,,1,,,,,,1,,,,,,,,,,,,,,,,,,,,,,,,,,,,,,,,,,,,2,,,,,,,,,,,,2,,,,,,,,,,,,2,,,,,,,,,,,,,,,,,,3,,,,,,,,,,,,,,,,,,1,,,,,,,,,,,,,,,,,,,,,,,,,,,,,,,,,,,,,,,,,,1,,,,,,,,,,,,1,,,,,,,,,,,,,,,,,,,,,,,,1,,,,,,,,,,,,,,,,,,,,,,,,1,,,,,,,,,,,,1,,,,,,,,,,,,,,,,,,,,,,,,,,,,,,,,,,,,3,,,,,,,,,,,,1,,,,,,,,,,,,,,,,,,,,,,,,,,,,,,,,,,,,,,,,,,,,,,,,,,,,,,,,,,,,2,,,,,,2,,,,,,,,,,,,,,,,,,,,,,,,,,,,,,1,,,,,,,,,,,,,,,,,,1,,,,,,,,,,,,1,,,,,,,,,,,,,,,,,,,,,,,,,,,,,,,,,,,,,,,,,,,,,,,,1,,,,,,,,,,,,2,,,,,,,,,,,,,,,,,,2,,,,,,,,,,,,,,,,,,,,,,,,,,,,,,,,,,,,1,,,,,,,,,,,,,,,,,,,,,,,,,,,,,,1,,,,,,,,,,,,,,,,,,2,,,,,,,,,,,,,,,,,,,,,,,,,,,,,,27,,,37,,,0,,,17,,,,,,3,,,,,,,,,,,,6,,,,,,,,,,,,1,,,,,,9,,,,,,5,,,,,,4,,,,,,4,,,,,,6,,,,,,22,,,,,,12,,,,,,6,,,,,,13,,,,,,2,,,,,,3,,,,,,,,,,,,85,,,113,,,0,,,20,,,,,,3,,,,,,6,,,,,,5,,,,,,6,,,,,,5,,,,,,8,,,,,,3,,,,,,5,,,,,,10,,,,,,8,,,,,,3,,,,,,18,,,,,,87,,,100,,,0,,,7,,,,,,3,,,,,,28,,,,,,2,,,,,,23,,,,,,,,,,,,34,,,63,,,0,,
,27180,23889,3483,1,1672,,,42,,,BL-1672-42-recto,,,1,,,October,,,8,,,October,,,,,,,,,1,,,,,,1,,,,,,,,,,,,,,,,,,1,,,,,,,,,,,,1,,,,,,1,,,,,,1,,,,,,1,,,,,,1,,,,,,1,,,,,,1,,,,,,1,,,,,,1,,,,,,,,,,,,,,,,,,,,,,,,,,,,,,,,,,,,,,,,,,,,,,,,2,,,,,,,,,,,,,,,,,,,,,,,,4,,,,,,,,,,,,,,,,,,1,,,,,,1,,,,,,1,,,,,,,,,,,,,,,,,,,,,,,,1,,,,,,,,,,,,,,,,,,,,,,,,,,,,,,,,,,,,2,,,,,,1,,,,,,,,,,,,,,,,,,,,,,,,1,,,,,,,,,,,,,,,,,,,,,,,,,,,,,,,,,,,,,,,,,,,,,,,,,,,,,,,,,,,,,,,,,,,,,,,,,,,,,,,,,,,,,,,,,,,,,,,,,,,,,,,,,,,,,,,,,,,,,,,,1,,,,,,1,,,,,,,,,,,,,,,,,,,,,,,,,,,,,,,,,,,,1,,,,,,1,,,,,,,,,,,,,,,,,,,,,,,,,,,,,,,,,,,,1,,,,,,,,,,,,,,,,,,,,,,,,,,,,,,,,,,,,,,,,,,,,,,,,,,,,,,,,,,,,1,,,,,,2,,,,,,,,,,,,,,,,,,,,,,,,,,,,,,27,,,34,,,0,,,22,,,,,,1,,,,,,,,,,,,1,,,,,,,,,,,,2,,,,,,7,,,,,,5,,,,,,3,,,,,,4,,,,,,8,,,,,,22,,,,,,24,,,,,,15,,,,,,11,,,,,,2,,,,,,1,,,,,,,,,,,,90,,,128,,,0,,,25,,,,,,2,,,,,,8,,,,,,1,,,,,,4,,,,,,4,,,,,,8,,,,,,8,,,,,,,,,,,,12,,,,,,7,,,,,,2,,,,,,20,,,,,,91,,,101,,,0,,,8,,,,,,5,,,,,,20,,,,,,,,,,,,13,,,,,,,,,,,,50,,,46,,,0,,
,27181,23890,3484,1,1672,,,43,,,BL-1672-43-recto,,,8,,,October,,,15,,,October,,,2,,,,,,,,,,,,,,,,,,,,,,,,,,,,,,1,,,,,,,,,,,,,,,,,,2,,,,,,1,,,,,,,,,,,,,,,,,,,,,,,,2,,,,,,,,,,,,,,,,,,,,,,,,,,,,,,,,,,,,,,,,,,,,,,,,,,,,,,,,,,,,2,,,,,,,,,,,,,,,,,,,,,,,,3,,,,,,1,,,,,,,,,,,,,,,,,,,,,,,,1,,,,,,1,,,,,,,,,,,,,,,,,,,,,,,,1,,,,,,2,,,,,,,,,,,,1,,,,,,1,,,,,,,,,,,,,,,,,,2,,,,,,,,,,,,,,,,,,1,,,,,,,,,,,,,,,,,,,,,,,,,,,,,,1,,,,,,2,,,,,,1,,,,,,,,,,,,,,,,,,,,,,,,,,,,,,,,,,,,,,,,,,,,,,,,,,,,,,2,,,,,,,,,,,,1,,,,,,,,,,,,,,,,,,,,,,,,,,,,,,,,,,,,,,,,,,,,,,,,1,,,,,,,,,,,,1,,,,,,,,,,,,,,,,,,,,,,,,,,,,,,,,,,,,,,,,,,,,,,,,,,,,,,1,,,,,,,,,,,,1,,,,,,,,,,,,,,,,,,2,,,,,,,,,,,,,,,,,,3,,,,,,,,,,,,,,,,,,,,,,,,1,,,,,,22,,,41,,,0,,,10,,,,,,1,,,,,,,,,,,,3,,,,,,,,,,,,4,,,,,,9,,,,,,13,,,,,,6,,,,,,,,,,,,4,,,,,,20,,,,,,18,,,,,,9,,,,,,7,,,,,,1,,,,,,,,,,,,,,,,,,91,,,105,,,0,,,20,,,,,,,,,,,,7,,,,,,2,,,,,,1,,,,,,7,,,,,,7,,,,,,2,,,,,,1,,,,,,10,,,,,,11,,,,,,5,,,,,,35,,,,,,90,,,108,,,0,,,10,,,,,,4,,,,,,23,,,,,,4,,,,,,26,,,,,,,,,,,,49,,,67,,,0,,
,27182,23891,3485,1,1672,,,44,,,BL-1672-44-recto,,,15,,,October,,,22,,,October,,,1,,,,,,2,,,,,,,,,,,,1,,,,,,,,,,,,,,,,,,1,,,,,,,,,,,,,,,,,,,,,,,,,,,,,,2,,,,,,,,,,,,,,,,,,2,,,,,,1,,,,,,,,,,,,,,,,,,,,,,,,,,,,,,,,,,,,,,,,,,,,,,,,2,,,,,,,,,,,,,,,,,,,,,,,,4,,,,,,,,,,,,2,,,,,,,,,,,,1,,,,,,,,,,,,,,,,,,,,,,,,,,,,,,1,,,,,,1,,,,,,,,,,,,,,,,,,,,,,,,,,,,,,,,,,,,,,,,,,,,,,,,,,,,,,,,,,,,1,,,,,,1,,,,,,,,,,,,,,,,,,,,,,,,1,,,,,,,,,,,,1,,,,,,1,,,,,,,,,,,,,,,,,,,,,,,,,,,,,,,,,,,,,,,,,,,,,,,,1,,,,,,,,,,,,,,,,,,,,,,,,,,,,,,1,,,,,,,,,,,,,,,,,,,,,,,,,,,,,,,,,,,,,,,,,,2,,,,,,,,,,,,,,,,,,,,,,,,,,,,,,1,,,,,,,,,,,,,,,,,,1,,,,,,,,,,,,,,,,,,,,,,,,,,,,,,,,,,,,1,,,,,,,,,,,,1,,,,,,,,,,,,,,,,,,,,,,,,,,,,,,,,,,,,34,,,34,,,0,,,10,,,,,,,,,,,,2,,,,,,1,,,,,,,,,,,,1,,,,,,9,,,,,,5,,,,,,,,,,,,3,,,,,,5,,,,,,16,,,,,,19,,,,,,8,,,,,,10,,,,,,2,,,,,,1,,,,,,,,,,,,78,,,92,,,0,,,19,,,,,,1,,,,,,4,,,,,,2,,,,,,1,,,,,,3,,,,,,9,,,,,,3,,,,,,3,,,,,,15,,,,,,4,,,,,,2,,,,,,32,,,,,,80,,,98,,,0,,,6,,,,,,1,,,,,,29,,,,,,2,,,,,,13,,,,,,,,,,,,33,,,51,,,0,,
,27183,23892,3486,1,1672,,,45,,,BL-1672-45-recto,,,22,,,October,,,29,,,October,,,,,,,,,2,,,,,,2,,,,,,,,,,,,,,,,,,,,,,,,,,,,,,,,,,,,1,,,,,,,,,,,,1,,,,,,1,,,,,,1,,,,,,,,,,,,1,,,,,,,,,,,,1,,,,,,,,,,,,,,,,,,,,,,,,,,,,,,,,,,,,1,,,,,,1,,,,,,,,,,,,,,,,,,,,,,,,1,,,,,,1,,,,,,1,,,,,,1,,,,,,,,,,,,,,,,,,,,,,,,1,,,,,,,,,,,,,,,,,,,,,,,,,,,,,,,,,,,,,,,,,,,,,,,,2,,,,,,2,,,,,,,,,,,,1,,,,,,2,,,,,,,,,,,,,,,,,,,,,,,,,,,,,,,,,,,,,,,,,,1,,,,,,,,,,,,,,,,,,,,,,,,,,,,,,,,,,,,2,,,,,,,,,,,,,,,,,,,,,,,,,,,,,,,,,,,,,,,,,,,,,,,,,,,,,,,,,,,,,,,,,,,,,,,,,,,,,,,,,,,,,,,,,,,,,,,,,,,,,,,,,,,,,,,,,,,,,,,,,,,,,,,,,,,,,,,,,,1,,,,,,1,,,,,,2,,,,,,,,,,,,,,,,,,,,,,,,,,,,,,1,,,,,,,,,,,,,,,,,,2,,,,,,,,,,,,,,,,,,,,,,,,,,,,,,23,,,34,,,0,,,15,,,,,,1,,,,,,,,,,,,2,,,,,,,,,,,,1,,,,,,12,,,,,,3,,,,,,,,,,,,5,,,,,,5,,,,,,23,,,,,,13,,,,,,8,,,,,,8,,,,,,,,,,,,,,,,,,,,,,,,84,,,96,,,0,,,18,,,,,,2,,,,,,9,,,,,,3,,,,,,5,,,,,,4,,,,,,11,,,,,,4,,,,,,,,,,,,15,,,,,,9,,,,,,3,,,,,,24,,,,,,74,,,107,,,0,,,8,,,,,,2,,,,,,17,,,,,,3,,,,,,13,,,,,,,,,,,,56,,,43,,,0,,
,27184,23893,3487,1,1672,,,46,,,BL-1672-46-recto,,,29,,,October,,,5,,,November,,,,,,,,,,,,,,,,,,,,,,,,,,,,,,,,,,,,,,,1,,,,,,,,,,,,2,,,,,,,,,,,,,,,,,,,,,,,,1,,,,,,1,,,,,,1,,,,,,,,,,,,,,,,,,1,,,,,,,,,,,,,,,,,,1,,,,,,,,,,,,1,,,,,,1,,,,,,,,,,,,,,,,,,2,,,,,,2,,,,,,,,,,,,,,,,,,,,,,,,1,,,,,,,,,,,,,,,,,,1,,,,,,,,,,,,1,,,,,,,,,,,,,,,,,,,,,,,,,,,,,,,,,,,,,,,,,,,,,,,,,,,,,,1,,,,,,,,,,,,1,,,,,,1,,,,,,,,,,,,,,,,,,,,,,,,,,,,,,1,,,,,,,,,,,,1,,,,,,,,,,,,,,,,,,,,,,,,,,,,,,1,,,,,,,,,,,,,,,,,,1,,,,,,,,,,,,,,,,,,,,,,,,,,,,,,1,,,,,,1,,,,,,,,,,,,,,,,,,,,,,,,1,,,,,,,,,,,,,,,,,,,,,,,,,,,,,,2,,,,,,,,,,,,,,,,,,,,,,,,,,,,,,,,,,,,,,,,,,,,,,,,,,,,,,,,,,,,,,,,,,,,,,,,,,,,,,1,,,,,,,,,,,,,,,,,,,,,,,,,,,,,,,,,,,,19,,,30,,,0,,,12,,,,,,2,,,,,,,,,,,,3,,,,,,,,,,,,3,,,,,,12,,,,,,6,,,,,,,,,,,,6,,,,,,5,,,,,,19,,,,,,8,,,,,,13,,,,,,2,,,,,,,,,,,,,,,,,,,,,,,,94,,,91,,,0,,,17,,,,,,2,,,,,,5,,,,,,2,,,,,,3,,,,,,3,,,,,,5,,,,,,4,,,,,,1,,,,,,14,,,,,,4,,,,,,2,,,,,,24,,,,,,77,,,86,,,0,,,6,,,,,,,,,,,,18,,,,,,,,,,,,17,,,,,,,,,,,,39,,,41,,,0,,
,27185,23894,3488,1,1672,,,47,,,BL-1672-47-recto,,,5,,,November,,,12,,,November,,,,,,,,,,,,,,,,,,,,,,,,,,,,,,,,,,,,,,,,,,,,,,,,,,,1,,,,,,1,,,,,,,,,,,,,,,,,,1,,,,,,,,,,,,1,,,,,,,,,,,,,,,,,,,,,,,,,,,,,,,,,,,,,,,,,,,,,,,,,,,,,,1,,,,,,,,,,,,,,,,,,,,,,,,,,,,,,,,,,,,1,,,,,,,,,,,,,,,,,,,,,,,,,,,,,,,,,,,,,,,,,,,,,,,,2,,,,,,,,,,,,,,,,,,,,,,,,,,,,,,1,,,,,,2,,,,,,1,,,,,,,,,,,,,,,,,,,,,,,,,,,,,,,,,,,,,,,,,,,,,,,,,,,,,,,,,,,,,,,,,,,,,,,,,,,,,,,,,,,,2,,,,,,,,,,,,,,,,,,,,,,,,,,,,,,,,,,,,,,,,,,1,,,,,,,,,,,,2,,,,,,1,,,,,,,,,,,,,,,,,,,,,,,,2,,,,,,,,,,,,,,,,,,,,,,,,,,,,,,,,,,,,,,,,,,,,,,,,,,,,,,1,,,,,,,,,,,,,,,,,,2,,,,,,,,,,,,,,,,,,,,,,,,,,,,,,,,,,,,,,,,,,,,,,,,4,,,,,,,,,,,,1,,,,,,,,,,,,,,,,,,29,,,28,,,0,,,19,,,,,,1,,,,,,1,,,,,,4,,,,,,,,,,,,4,,,,,,15,,,,,,4,,,,,,,,,,,,4,,,,,,8,,,,,,21,,,,,,17,,,,,,18,,,,,,12,,,,,,,,,,,,,,,,,,,,,,,,95,,,128,,,0,,,15,,,,,,,,,,,,4,,,,,,2,,,,,,1,,,,,,8,,,,,,7,,,,,,7,,,,,,2,,,,,,9,,,,,,8,,,,,,,,,,,,26,,,,,,91,,,89,,,0,,,3,,,,,,1,,,,,,23,,,,,,,,,,,,16,,,,,,,,,,,,43,,,43,,,0,,
,27215,23895,3159,1,1672,,,48,,,BL-1672-48-recto,,,12,,,November,,,19,,,November,,,,,,,,,4,,,,,,2,,,,,,,,,,,,,,,,,,,,,,,,,,,,,,3,,,,,,1,,,,,,1,,,,,,,,,,,,,,,,,,,,,,,,,,,,,,,,,,,,,,,,,,,,,,,,1,,,,,,,,,,,,,,,,,,1,,,,,,,,,,,,,,,,,,,,,,,,,,,,,,1,,,,,,,,,,,,2,,,,,,,,,,,,,,,,,,1,,,,,,,,,,,,,,,,,,,,,,,,1,,,,,,,,,,,,1,,,,,,1,,,,,,,,,,,,,,,,,,,,,,,,1,,,,,,2,,,,,,2,,,,,,,,,,,,,,,,,,,,,,,,,,,,,,1,,,,,,1,,,,,,,,,,,,,,,,,,1,,,,,,,,,,,,1,,,,,,,,,,,,,,,,,,,,,,,,3,,,,,,,,,,,,,,,,,,,,,,,,,,,,,,,,,,,,,,,,,,,,,,,,2,,,,,,,,,,,,1,,,,,,,,,,,,,,,,,,,,,,,,,,,,,,2,,,,,,1,,,,,,1,,,,,,,,,,,,,,,,,,,,,,,,,,,,,,,,,,,,,,,,,,,,,,,,1,,,,,,1,,,,,,1,,,,,,,,,,,,,,,,,,,,,,,,,,,,,,,,,,,,,,,,,,3,,,,,,,,,,,,,,,,,,,,,,,,,,,,,,38,,,45,,,0,,,17,,,,,,,,,,,,2,,,,,,4,,,,,,,,,,,,6,,,,,,15,,,,,,8,,,,,,6,,,,,,2,,,,,,,,,,,,18,,,,,,15,,,,,,11,,,,,,8,,,,,,3,,,,,,,,,,,,,,,,,,86,,,115,,,0,,,18,,,,,,,,,,,,5,,,,,,7,,,,,,3,,,,,,6,,,,,,6,,,,,,3,,,,,,4,,,,,,16,,,,,,9,,,,,,1,,,,,,34,,,,,,70,,,112,,,0,,,9,,,,,,2,,,,,,17,,,,,,2,,,,,,10,,,,,,,,,,,,50,,,40,,,0,,
,27216,23896,3160,1,1672,,,49,,,BL-1672-49-recto,,,19,,,November,,,26,,,November,,,1,,,,,,,,,,,,,,,,,,,,,,,,,,,,,,,,,,,,,,,,,,1,,,,,,1,,,,,,,,,,,,,,,,,,1,,,,,,1,,,,,,1,,,,,,,,,,,,,,,,,,,,,,,,1,,,,,,,,,,,,1,,,,,,1,,,,,,,,,,,,,,,,,,,,,,,,,,,,,,,,,,,,,,,,,,2,,,,,,,,,,,,,,,,,,,,,,,,1,,,,,,,,,,,,,,,,,,1,,,,,,2,,,,,,,,,,,,,,,,,,,,,,,,,,,,,,,,,,,,2,,,,,,2,,,,,,,,,,,,1,,,,,,,,,,,,,,,,,,1,,,,,,2,,,,,,,,,,,,,,,,,,,,,,,,1,,,,,,,,,,,,1,,,,,,1,,,,,,,,,,,,,,,,,,3,,,,,,,,,,,,,,,,,,,,,,,,,,,,,,,,,,,,,,,,,,,,,,,,1,,,,,,,,,,,,,,,,,,,,,,,,,,,,,,,,,,,,,,,,,,,,,,,,1,,,,,,1,,,,,,,,,,,,,,,,,,,,,,,,,,,,,,,,,,,,,,,,,,,,,,,,2,,,,,,2,,,,,,,,,,,,,,,,,,,,,,,,,,,,,,1,,,,,,,,,,,,,,,,,,3,,,,,,1,,,,,,,,,,,,,,,,,,,,,,,,24,,,41,,,0,,,14,,,,,,1,,,,,,2,,,,,,3,,,,,,,,,,,,7,,,,,,12,,,,,,5,,,,,,6,,,,,,4,,,,,,14,,,,,,20,,,,,,17,,,,,,8,,,,,,14,,,,,,2,,,,,,1,,,,,,,,,,,,90,,,130,,,0,,,30,,,,,,2,,,,,,5,,,,,,2,,,,,,5,,,,,,9,,,,,,8,,,,,,5,,,,,,5,,,,,,17,,,,,,11,,,,,,1,,,1,,,29,,,,,,76,,,129,,,1,,,5,,,,,,4,,,,,,24,,,,,,,,,,,,17,,,,,,,,,,,,42,,,50,,,0,,
,27217,23897,3161,1,1672,,,50,,,BL-1672-50-recto,,,26,,,November,,,3,,,December,,,1,,,,,,2,,,,,,,,,,,,,,,,,,,,,,,,1,,,,,,1,,,,,,,,,,,,2,,,,,,1,,,,,,1,,,,,,,,,,,,,,,,,,,,,,,,1,,,,,,1,,,,,,1,,,,,,1,,,,,,1,,,,,,,,,,,,3,,,,,,1,,,,,,,,,,,,3,,,,,,1,,,,,,,,,,,,1,,,,,,1,,,,,,,,,,,,,,,,,,,,,,,,1,,,,,,,,,,,,,,,,,,1,,,,,,,,,,,,1,,,,,,1,,,,,,,,,,,,,,,,,,,,,,,,1,,,,,,,,,,,,,,,,,,1,,,,,,,,,,,,,,,,,,,,,,,,,,,,,,,,,,,,,,,,,,,,,,,,1,,,,,,1,,,,,,,,,,,,,,,,,,1,,,,,,,,,,,,2,,,,,,,,,,,,,,,,,,,,,,,,,,,,,,1,,,,,,,,,,,,,,,,,,,,,,,,,,,,,,,,,,,,,,,,,,,,,,,,,,,,,,,,,,,,1,,,,,,,,,,,,1,,,,,,,,,,,,,,,,,,,,,,,,,,,,,,1,,,,,,,,,,,,,,,,,,1,,,,,,1,,,,,,,,,,,,,,,,,,,,,,,,,,,,,,1,,,,,,,,,,,,1,,,,,,5,,,,,,,,,,,,2,,,,,,,,,,,,,,,,,,27,,,50,,,0,,,17,,,,,,3,,,,,,,,,,,,4,,,,,,2,,,,,,6,,,,,,5,,,,,,4,,,,,,1,,,,,,3,,,,,,6,,,,,,22,,,,,,13,,,,,,13,,,,,,7,,,,,,,,,,,,,,,,,,,,,,,,97,,,106,,,0,,,14,,,,,,2,,,,,,5,,,,,,2,,,,,,5,,,,,,2,,,,,,9,,,,,,5,,,,,,1,,,,,,15,,,,,,11,,,,,,2,,,,,,25,,,,,,72,,,98,,,0,,,7,,,,,,,,,,,,25,,,,,,1,,,,,,10,,,,,,,,,,,,25,,,43,,,0,,
,27218,23898,3162,1,1672,,,51,,,BL-1672-51-recto,,,3,,,December,,,10,,,December,,,,,,,,,2,,,,,,,,,,,,,,,,,,,,,,,,2,,,,,,,,,,,,,,,,,,1,,,,,,,,,,,,,,,,,,2,,,,,,,,,,,,,,,,,,,,,,,,,,,,,,,,,,,,,,,,,,,,,,,,,,,,,,1,,,,,,,,,,,,,,,,,,2,,,,,,,,,,,,,,,,,,1,,,,,,2,,,,,,,,,,,,,,,,,,,,,,,,1,,,,,,,,,,,,,,,,,,,,,,,,,,,,,,2,,,,,,2,,,,,,2,,,,,,,,,,,,,,,,,,,,,,,,,,,,,,,,,,,,,,,,,,,,,,,,,,,,,,,,,,,,,,,,,,,,,,,,,,,,,,,,,,,,,,,,,,,,,,,,,,,,,,,,,,,,,,,,,,,,,,,,,,,,,,,,,,,,2,,,,,,,,,,,,,,,,,,,,,,,,,,,,,,1,,,,,,,,,,,,1,,,,,,,,,,,,,,,,,,1,,,,,,,,,,,,,,,,,,2,,,,,,,,,,,,,,,,,,,,,,,,,,,,,,,,,,,,,,,,,,,,,,,,,,,,,,,,,,,,,,,,,,1,,,,,,1,,,,,,,,,,,,,,,,,,,,,,,,1,,,,,,,,,,,,,,,,,,1,,,,,,,,,,,,1,,,,,,,,,,,,,,,,,,26,,,32,,,0,,,15,,,,,,1,,,,,,1,,,,,,5,,,,,,2,,,,,,2,,,,,,17,,,,,,1,,,,,,1,,,,,,2,,,,,,9,,,,,,28,,,,,,7,,,,,,8,,,,,,12,,,,,,1,,,,,,,,,,,,,,,,,,62,,,112,,,0,,,12,,,,,,1,,,,,,9,,,,,,2,,,,,,4,,,,,,6,,,,,,10,,,,,,4,,,,,,1,,,,,,17,,,,,,15,,,,,,,,,,,,29,,,,,,68,,,110,,,0,,,9,,,,,,2,,,,,,27,,,,,,,,,,,,14,,,,,,,,,,,,46,,,52,,,0,,
,27219,23899,3163,1,1672,,,52,,,BL-1672-52-recto,,,10,,,December,,,17,,,December,,,1,,,,,,2,,,,,,,,,,,,1,,,,,,,,,,,,,,,,,,,,,,,,2,,,,,,,,,,,,,,,,,,1,,,,,,,,,,,,1,,,,,,,,,,,,4,,,,,,,,,,,,,,,,,,,,,,,,,,,,,,,,,,,,1,,,,,,,,,,,,1,,,,,,,,,,,,,,,,,,,,,,,,1,,,,,,4,,,,,,,,,,,,,,,,,,1,,,,,,1,,,,,,,,,,,,,,,,,,1,,,,,,,,,,,,1,,,,,,,,,,,,,,,,,,,,,,,,,,,,,,,,,,,,,,,,,,2,,,,,,,,,,,,1,,,,,,,,,,,,,,,,,,,,,,,,,,,,,,,,,,,,,,,,,,1,,,,,,2,,,,,,,,,,,,,,,,,,,,,,,,,,,,,,1,,,,,,,,,,,,,,,,,,,,,,,,,,,,,,1,,,,,,,,,,,,,,,,,,,,,,,,,,,,,,,,,,,,,,,,,,,,,,,,,,,,,,1,,,,,,1,,,,,,1,,,,,,,,,,,,,,,,,,,,,,,,,,,,,,2,,,,,,1,,,,,,,,,,,,,,,,,,,,,,,,2,,,,,,1,,,,,,,,,,,,,,,,,,,,,,,,,,,,,,,,,,,,,,,,,,1,,,,,,,,,,,,,,,,,,,,,,,,,,,,,,31,,,41,,,0,,,19,,,,,,1,,,,,,1,,,,,,3,,,,,,,,,,,,6,,,,,,17,,,,,,9,,,,,,2,,,,,,5,,,,,,6,,,,,,20,,,,,,16,,,,,,8,,,,,,19,,,,,,,,,,,,,,,,,,,,,,,,81,,,132,,,0,,,22,,,,,,,,,,,,7,,,,,,3,,,,,,1,,,,,,7,,,,,,10,,,,,,1,,,,,,2,,,,,,17,,,,,,10,,,,,,,,,,,,29,,,,,,72,,,109,,,0,,,13,,,,,,5,,,,,,28,,,,,,2,,,,,,17,,,,,,,,,,,,39,,,65,,,0,,
,27259,23914,3207,1,1673,,,15,,,BL-1673-15-recto,,,25,,,March,,,1,,,April,,,,,,,,,4,,,,,,1,,,,,,1,,,,,,,,,,,,1,,,,,,,,,,,,,,,,,,4,,,,,,,,,,,,,,,,,,2,,,,,,,,,,,,,,,,,,2,,,,,,,,,,,,1,,,,,,1,,,,,,1,,,,,,,,,,,,,,,,,,,,,,,,,,,,,,,,,,,,,,,,,,,,,,,,,,,,,,2,,,,,,1,,,,,,,,,,,,,,,,,,1,,,,,,,,,,,,,,,,,,1,,,,,,1,,,,,,,,,,,,,,,,,,,,,,,,,,,,,,,,,,,,1,,,,,,2,,,,,,,,,,,,,,,,,,,,,,,,,,,,,,,,,,,,1,,,,,,,,,,,,,,,,,,,,,,,,1,,,,,,,,,,,,,,,,,,,,,,,,,,,,,,,,,,,,,,,,,,,,,,,,1,,,,,,,,,,,,,,,,,,,,,,,,,,,,,,,,,,,,,,,,,,,,,,,,,,,,,,,,,,,,,,,,,,,,,,,,2,,,,,,1,,,,,,,,,,,,1,,,,,,,,,,,,,,,,,,1,,,,,,,,,,,,,,,,,,,,,,,,,,,,,,,,,,,,1,,,,,,,,,,,,,,,,,,,,,,,,,,,,,,,,,,,,,,,,,,,,,,,,3,,,,,,,,,,,,,,,,,,,,,,,,,,,,,,24,,,38,,,0,,,13,,,,,,2,,,,,,,,,,,,7,,,,,,,,,,,,5,,,,,,16,,,,,,3,,,,,,5,,,,,,5,,,,,,6,,,,,,23,,,,,,8,,,,,,14,,,,,,12,,,,,,2,,,,,,,,,,,,,,,,,,94,,,121,,,0,,,16,,,,,,1,,,,,,3,,,,,,5,,,,,,4,,,,,,8,,,,,,8,,,,,,5,,,,,,3,,,,,,3,,,,,,5,,,,,,4,,,,,,21,,,,,,81,,,86,,,0,,,8,,,,,,5,,,,,,33,,,,,,1,,,,,,17,,,,,,,,,,,,36,,,64,,,0,,
,27287,23915,3236,1,1673,,,16,,,BL-1673-16-recto,,,1,,,April,,,8,,,April,,,,,,,,,1,,,,,,1,,,,,,,,,,,,,,,,,,,,,,,,,,,,,,,,,,,,1,,,,,,,,,,,,1,,,,,,1,,,,,,1,,,,,,1,,,,,,1,,,,,,,,,,,,,,,,,,,,,,,,,,,,,,,,,,,,1,,,,,,,,,,,,,,,,,,1,,,,,,,,,,,,,,,,,,,,,,,,4,,,,,,,,,,,,2,,,,,,,,,,,,,,,,,,,,,,,,1,,,,,,1,,,,,,1,,,,,,1,,,,,,1,,,,,,,,,,,,,,,,,,1,,,,,,1,,,,,,,,,,,,,,,,,,1,,,,,,,,,,,,,,,,,,,,,,,,,,,,,,,,,,,,,,,,,,,,,,,,,,,,,,,,,,,,1,,,,,,,,,,,,,,,,,,,,,,,,,,,,,,,,,,,,1,,,,,,,,,,,,,,,,,,1,,,,,,,,,,,,,,,,,,,,,,,,1,,,,,,,,,,,,,,,,,,,,,,,,1,,,,,,,,,,,,,,,,,,,,,,,,,,,,,,,,,,,,,,,,,,,,,,,,,,,,,,,,,,,,,,,,,,1,,,,,,,,,,,,,,,,,,,,,,,,,,,,,,,,,,,,,,,,,,1,,,,,,,,,,,,1,,,,,,2,,,,,,,,,,,,,,,,,,,,,,,,1,,,,,,21,,,35,,,0,,,14,,,,,,1,,,,,,1,,,,,,4,,,,,,,,,,,,2,,,,,,7,,,,,,7,,,,,,3,,,,,,3,,,,,,4,,,,,,20,,,,,,17,,,,,,11,,,,,,12,,,,,,,,,,,,,,,,,,,,,,,,81,,,106,,,0,,,14,,,,,,1,,,,,,10,,,,,,5,,,,,,7,,,,,,2,,,,,,9,,,,,,2,,,,,,3,,,,,,10,,,,,,11,,,,,,7,,,,,,31,,,,,,71,,,112,,,0,,,8,,,,,,4,,,,,,36,,,,,,2,,,,,,19,,,,,,,,,,,,44,,,69,,,0,,
,27288,23916,3237,1,1673,,,17,,,BL-1673-17-recto,,,8,,,April,,,15,,,April,,,,,,,,,2,,,,,,1,,,,,,2,,,,,,,,,,,,,,,,,,1,,,,,,,,,,,,,,,,,,,,,,,,,,,,,,1,,,,,,1,,,,,,2,,,,,,1,,,,,,,,,,,,,,,,,,,,,,,,,,,,,,,,,,,,,,,,,,,,,,,,,,,,,,2,,,,,,,,,,,,,,,,,,1,,,,,,,,,,,,1,,,,,,1,,,,,,,,,,,,,,,,,,1,,,,,,,,,,,,,,,,,,1,,,,,,2,,,,,,1,,,,,,,,,,,,,,,,,,,,,,,,1,,,,,,1,,,,,,,,,,,,1,,,,,,1,,,,,,,,,,,,1,,,,,,,,,,,,,,,,,,,,,,,,,,,,,,1,,,,,,,,,,,,,,,,,,,,,,,,,,,,,,,,,,,,1,,,,,,1,,,,,,,,,,,,,,,,,,,,,,,,3,,,,,,,,,,,,,,,,,,,,,,,,,,,,,,1,,,,,,1,,,,,,1,,,,,,,,,,,,,,,,,,1,,,,,,,,,,,,,,,,,,,,,,,,,,,,,,,,,,,,,,,,,,,,,,,,1,,,,,,,,,,,,,,,,,,1,,,,,,1,,,,,,2,,,,,,,,,,,,1,,,,,,1,,,,,,,,,,,,,,,,,,2,,,,,,,,,,,,1,,,,,,1,,,,,,1,,,,,,29,,,48,,,0,,,11,,,,,,,,,,,,,,,,,,6,,,,,,,,,,,,2,,,,,,15,,,,,,6,,,,,,2,,,,,,3,,,,,,3,,,,,,19,,,,,,16,,,,,,9,,,,,,20,,,,,,,,,,,,,,,,,,,,,,,,72,,,111,,,0,,,22,,,,,,1,,,,,,6,,,,,,3,,,,,,1,,,,,,9,,,,,,4,,,,,,6,,,,,,2,,,,,,14,,,,,,7,,,,,,,,,,,,18,,,,,,102,,,93,,,0,,,8,,,,,,2,,,,,,36,,,,,,1,,,,,,42,,,,,,,,,,,,56,,,89,,,0,,
,27289,23917,3238,1,1673,,,18,,,BL-1673-18-recto,,,15,,,April,,,22,,,April,,,1,,,,,,2,,,,,,,,,,,,1,,,,,,,,,,,,2,,,,,,,,,,,,1,,,,,,2,,,,,,,,,,,,,,,,,,1,,,,,,,,,,,,,,,,,,,,,,,,2,,,,,,,,,,,,1,,,,,,1,,,,,,1,,,,,,,,,,,,,,,,,,,,,,,,1,,,,,,1,,,,,,,,,,,,,,,,,,,,,,,,,,,,,,,,,,,,,,,,,,2,,,,,,,,,,,,,,,,,,1,,,,,,,,,,,,,,,,,,,,,,,,,,,,,,,,,,,,,,,,,,1,,,,,,1,,,,,,,,,,,,,,,,,,1,,,,,,1,,,,,,,,,,,,1,,,,,,,,,,,,,,,,,,,,,,,,,,,,,,1,,,,,,,,,,,,1,,,,,,,,,,,,,,,,,,,,,,,,,,,,,,,,,,,,,,,,,,,,,,,,,,,,,,,,,,,,1,,,,,,1,,,,,,,,,,,,,,,,,,,,,,,,,,,,,,,,,,,,,,,,,,,,,,,,,,,,,,1,,,,,,,,,,,,,,,,,,,,,,,,,,,,,,,,,,,,,,,,,,,,,,,,,,,,,,1,,,,,,,,,,,,1,,,,,,,,,,,,1,,,,,,,,,,,,,,,,,,,,,,,,4,,,,,,1,,,,,,,,,,,,,,,,,,,,,,,,26,,,38,,,0,,,18,,,,,,1,,,,,,1,,,,,,5,,,,,,,,,,,,6,,,,,,12,,,1,,,6,,,,,,3,,,,,,3,,,,,,6,,,,,,27,,,,,,13,,,,,,9,,,,,,9,,,,,,,,,,,,,,,,,,,,,,,,80,,,119,,,1,,,22,,,,,,,,,,,,6,,,,,,3,,,,,,2,,,,,,4,,,,,,9,,,,,,4,,,,,,2,,,,,,12,,,,,,9,,,,,,6,,,,,,17,,,,,,80,,,96,,,0,,,6,,,,,,2,,,,,,20,,,,,,2,,,,,,36,,,,,,,,,,,,48,,,66,,,0,,
,27290,23918,3239,1,1673,,,19,,,BL-1673-19-recto,,,22,,,April,,,29,,,April,,,,,,,,,2,,,,,,,,,,,,3,,,,,,,,,,,,1,,,,,,,,,,,,2,,,,,,2,,,,,,,,,,,,,,,,,,3,,,,,,2,,,,,,1,,,,,,2,,,,,,,,,,,,1,,,,,,1,,,,,,2,,,,,,,,,,,,,,,,,,,,,,,,,,,,,,2,,,,,,,,,,,,1,,,,,,,,,,,,1,,,,,,,,,,,,2,,,,,,,,,,,,2,,,,,,,,,,,,,,,,,,,,,,,,,,,,,,1,,,,,,,,,,,,1,,,,,,,,,,,,,,,,,,,,,,,,,,,,,,,,,,,,,,,,,,,,,,,,,,,,,,,,,,,,,,,,,,,,,,,,,,,,,,,,,,,,,,,,,,,,,,,,1,,,,,,1,,,,,,,,,,,,,,,,,,,,,,,,,,,,,,,,,,,,,,,,,,,,,,,,2,,,,,,,,,,,,,,,,,,,,,,,,,,,,,,2,,,,,,,,,,,,,,,,,,,,,,,,,,,,,,1,,,,,,,,,,,,,,,,,,,,,,,,,,,,,,,,,,,,,,,,,,,,,,,,,,,,,,,,,,,,,,,,,,1,,,,,,2,,,,,,,,,,,,,,,,,,,,,,,,1,,,,,,,,,,,,,,,,,,2,,,,,,,,,,,,,,,,,,1,,,,,,,,,,,,24,,,46,,,0,,,13,,,,,,,,,,,,1,,,,,,,,,,,,,,,,,,4,,,,,,13,,,,,,8,,,,,,1,,,,,,7,,,,,,6,,,,,,28,,,,,,10,,,,,,13,,,,,,12,,,,,,3,,,,,,,,,,,,,,,,,,89,,,119,,,0,,,15,,,,,,2,,,,,,6,,,,,,10,,,,,,6,,,,,,5,,,,,,9,,,,,,6,,,,,,3,,,,,,14,,,,,,10,,,,,,4,,,,,,21,,,,,,64,,,111,,,0,,,10,,,,,,2,,,,,,32,,,,,,1,,,,,,18,,,,,,,,,,,,41,,,63,,,0,,
,27291,23919,3240,1,1673,,,20,,,BL-1673-20-recto,,,29,,,April,,,6,,,May,,,,,,,,,3,,,,,,,,,,,,2,,,,,,,,,,,,1,,,,,,1,,,,,,1,,,,,,,,,,,,,,,,,,,,,,,,,,,,,,1,,,,,,2,,,,,,2,,,,,,,,,,,,,,,,,,,,,,,,1,,,,,,,,,,,,,,,,,,,,,,,,,,,,,,,,,,,,,,,,,,,,,,,,,,,,,,1,,,,,,,,,,,,,,,,,,,,,,,,,,,,,,,,,,,,,,,,,,1,,,,,,,,,,,,,,,,,,,,,,,,1,,,,,,,,,,,,,,,,,,1,,,,,,2,,,,,,1,,,,,,,,,,,,,,,,,,,,,,,,2,,,,,,,,,,,,,,,,,,,,,,,,,,,,,,2,,,,,,,,,,,,,,,,,,,,,,,,,,,,,,,,,,,,,,,,,,,,,,,,,,,,,,1,,,,,,,,,,,,,,,,,,,,,,,,,,,,,,1,,,,,,,,,,,,,,,,,,,,,,,,,,,,,,,,,,,,1,,,,,,2,,,,,,1,,,,,,2,,,,,,,,,,,,,,,,,,,,,,,,,,,,,,,,,,,,,,,,,,,,,,,,,,,,,,1,,,,,,,,,,,,1,,,,,,,,,,,,,,,,,,,,,,,,,,,,,,,,,,,,2,,,,,,,,,,,,,,,,,,,,,,,,,,,,,,34,,,37,,,0,,,16,,,,,,,,,,,,1,,,,,,5,,,,,,,,,,,,4,,,,,,16,,,,,,11,,,,,,3,,,,,,7,,,,,,5,,,,,,25,,,,,,13,,,,,,14,,,,,,10,,,,,,,,,,,,,,,,,,,,,,,,78,,,130,,,0,,,19,,,,,,,,,,,,9,,,,,,3,,,,,,9,,,,,,1,,,,,,14,,,,,,3,,,,,,4,,,,,,19,,,,,,5,,,,,,1,,,,,,19,,,,,,71,,,106,,,0,,,7,,,,,,4,,,,,,24,,,,,,,,,,,,21,,,,,,,,,,,,27,,,56,,,0,,
,27292,23920,3241,1,1673,,,21,,,BL-1673-21-recto,,,6,,,May,,,13,,,May,,,,,,,,,1,,,,,,1,,,,,,,,,,,,,,,,,,,,,,,,,,,,,,,,,,,,1,,,,,,,,,,,,,,,,,,2,,,,,,,,,,,,,,,,,,3,,,,,,,,,,,,1,,,,,,2,,,,,,,,,,,,,,,,,,2,,,,,,,,,,,,1,,,,,,1,,,,,,,,,,,,,,,,,,1,,,,,,,,,,,,,,,,,,,,,,,,,,,,,,2,,,,,,,,,,,,,,,,,,,,,,,,2,,,,,,1,,,,,,,,,,,,,,,,,,,,,,,,,,,,,,1,,,,,,2,,,,,,,,,,,,1,,,,,,,,,,,,,,,,,,,,,,,,,,,,,,,,,,,,,,,,,,,,,,,,1,,,,,,1,,,,,,,,,,,,1,,,,,,,,,,,,,,,,,,,,,,,,,,,,,,,,,,,,,,,,,,,,,,,,1,,,,,,,,,,,,1,,,,,,,,,,,,1,,,,,,,,,,,,,,,,,,,,,,,,,,,,,,,,,,,,,,,,,,,,,,,,,,,,,,,,,,,,,,,,,,,,,,,,,,,,,,1,,,,,,,,,,,,,,,,,,,,,,,,,,,,,,,,,,,,,,,,,,1,,,,,,,,,,,,1,,,,,,,,,,,,,,,,,,2,,,,,,,,,,,,1,,,,,,1,,,,,,,,,,,,25,,,38,,,0,,,14,,,,,,1,,,,,,1,,,,,,6,,,,,,1,,,,,,3,,,,,,11,,,,,,6,,,,,,3,,,,,,6,,,,,,1,,,,,,21,,,,,,8,,,,,,9,,,,,,10,,,,,,,,,,,,,,,,,,,,,,,,63,,,101,,,0,,,18,,,,,,,,,,,,4,,,,,,4,,,,,,4,,,,,,9,,,,,,7,,,,,,2,,,,,,,,,,,,15,,,,,,7,,,,,,2,,,,,,22,,,,,,74,,,94,,,0,,,2,,,,,,4,,,,,,26,,,,,,,,,,,,19,,,,,,,,,,,,37,,,51,,,0,,
,27293,23921,3242,1,1673,,,22,,,BL-1673-22-recto,,,13,,,May,,,20,,,May,,,,,,,,,1,,,,,,,,,,,,,,,,,,,,,,,,,,,,,,,,,,,,2,,,,,,2,,,,,,1,,,,,,1,,,,,,1,,,,,,,,,,,,1,,,,,,1,,,,,,,,,,,,,,,,,,,,,,,,,,,,,,,,,,,,,,,,,,,,,,,,1,,,,,,4,,,,,,,,,,,,,,,,,,,,,,,,2,,,,,,1,,,,,,1,,,,,,,,,,,,1,,,,,,,,,,,,,,,,,,,,,,,,2,,,,,,,,,,,,,,,,,,,,,,,,,,,,,,,,,,,,1,,,,,,,,,,,,2,,,,,,,,,,,,,,,,,,,,,,,,2,,,,,,1,,,,,,,,,,,,,,,,,,,,,,,,,,,,,,,,,,,,,,,,,,,,,,,,,,,,,,,,,,,,,,,,,,,,,,,,,,,,,,,,,,,,,,,,,,,,,,,,,,,,,,,,,,,,1,,,,,,1,,,,,,1,,,,,,,,,,,,,,,,,,,,,,,,,,,,,,,,,,,,1,,,,,,,,,,,,,,,,,,,,,,,,,,,,,,,,,,,,,,,,,,,,,,,,,,,,,,,,,,,,,,,,,,,,,,,,1,,,,,,,,,,,,1,,,,,,,,,,,,,,,,,,,,,,,,5,,,,,,,,,,,,,,,,,,1,,,,,,,,,,,,23,,,40,,,0,,,15,,,,,,1,,,,,,,,,,,,3,,,,,,,,,,,,1,,,,,,9,,,,,,6,,,,,,1,,,,,,3,,,,,,4,,,,,,26,,,,,,14,,,,,,10,,,,,,19,,,,,,,,,,,,1,,,,,,,,,,,,74,,,113,,,0,,,10,,,,,,,,,,,,3,,,,,,3,,,,,,7,,,,,,9,,,,,,13,,,,,,4,,,,,,1,,,,,,12,,,,,,5,,,,,,5,,,,,,25,,,,,,72,,,97,,,0,,,9,,,,,,,,,,,,23,,,,,,,,,,,,17,,,,,,,,,,,,40,,,49,,,0,,
,27294,23922,3243,1,1673,,,23,,,BL-1673-23-recto,,,20,,,May,,,27,,,May,,,,,,,,,2,,,,,,,,,,,,,,,,,,,,,,,,,,,,,,,,,,,,,,,,,,1,,,,,,1,,,,,,1,,,,,,3,,,,,,,,,,,,,,,,,,2,,,,,,1,,,,,,,,,,,,,,,,,,,,,,,,,,,,,,1,,,,,,1,,,,,,1,,,,,,2,,,,,,,,,,,,,,,,,,1,,,,,,1,,,,,,,,,,,,1,,,,,,2,,,,,,,,,,,,,,,,,,,,,,,,1,,,,,,1,,,,,,1,,,,,,1,,,,,,,,,,,,,,,,,,,,,,,,,,,,,,2,,,,,,,,,,,,,,,,,,,,,,,,,,,,,,1,,,,,,,,,,,,,,,,,,,,,,,,1,,,,,,,,,,,,,,,,,,,,,,,,,,,,,,,,,,,,,,,,,,1,,,,,,,,,,,,1,,,,,,,,,,,,,,,,,,,,,,,,,,,,,,3,,,,,,,,,,,,,,,,,,,,,,,,,,,,,,1,,,,,,,,,,,,,,,,,,,,,,,,,,,,,,,,,,,,,,,,,,,,,,,,,,,,,,,,,,,,2,,,,,,,,,,,,,,,,,,,,,,,,,,,,,,1,,,,,,,,,,,,,,,,,,,,,,,,,,,,,,,,,,,,1,,,,,,3,,,,,,,,,,,,,,,,,,,,,,,,,,,,,,29,,,42,,,0,,,15,,,,,,,,,,,,4,,,,,,3,,,,,,,,,,,,2,,,,,,12,,,,,,5,,,,,,2,,,,,,3,,,,,,3,,,,,,15,,,,,,7,,,,,,12,,,,,,13,,,,,,,,,,,,1,,,,,,,,,,,,76,,,97,,,0,,,12,,,,,,1,,,,,,5,,,,,,4,,,,,,7,,,,,,7,,,,,,8,,,,,,2,,,,,,2,,,,,,16,,,,,,6,,,,,,2,,,,,,18,,,,,,83,,,90,,,0,,,6,,,,,,6,,,,,,14,,,,,,2,,,,,,21,,,,,,,,,,,,41,,,49,,,0,,
,27295,23923,3244,1,1673,,,24,,,BL-1673-24-recto,,,27,,,May,,,3,,,June,,,,,,,,,2,,,,,,,,,,,,,,,,,,,,,,,,,,,,,,,,,,,,,,,,,,,,,,,,,,,,,,,,,,,,,,,,,,1,,,,,,,,,,,,,,,,,,2,,,,,,,,,,,,,,,,,,,,,,,,,,,,,,,,,,,,,,,,,,,,,,,,2,,,,,,1,,,,,,,,,,,,,,,,,,1,,,,,,,,,,,,,,,,,,,,,,,,,,,,,,,,,,,,,,,,,,,,,,,,,,,,,,1,,,,,,,,,,,,,,,,,,,,,,,,,,,,,,,,,,,,,,,,,,1,,,,,,,,,,,,,,,,,,,,,,,,,,,,,,1,,,,,,,,,,,,,,,,,,,,,,,,,,,,,,,,,,,,,,,,,,,,,,,,,,,,,,1,,,,,,,,,,,,,,,,,,2,,,,,,1,,,,,,,,,,,,,,,,,,,,,,,,,,,,,,,,,,,,1,,,,,,,,,,,,2,,,,,,,,,,,,1,,,,,,,,,,,,,,,,,,,,,,,,,,,,,,,,,,,,,,,,,,,,,,,,,,,,,,1,,,,,,,,,,,,,,,,,,,,,,,,,,,,,,,,,,,,1,,,,,,,,,,,,,,,,,,,,,,,,,,,,,,1,,,,,,,,,,,,,,,,,,,,,,,,1,,,,,,,,,,,,21,,,24,,,0,,,10,,,,,,,,,,,,1,,,,,,2,,,,,,,,,,,,5,,,,,,16,,,,,,3,,,,,,1,,,,,,4,,,,,,4,,,,,,28,,,,,,21,,,,,,14,,,,,,18,,,,,,1,,,,,,1,,,,,,,,,,,,83,,,129,,,0,,,19,,,,,,2,,,,,,5,,,,,,6,,,,,,4,,,,,,5,,,,,,4,,,,,,2,,,,,,3,,,,,,10,,,,,,8,,,,,,3,,,,,,29,,,,,,61,,,100,,,0,,,3,,,,,,4,,,,,,18,,,,,,,,,,,,15,,,,,,,,,,,,36,,,40,,,0,,
,27296,23924,3245,1,1673,,,25,,,BL-1673-25-recto,,,3,,,June,,,10,,,June,,,1,,,,,,3,,,,,,,,,,,,2,,,,,,,,,,,,1,,,,,,,,,,,,1,,,,,,4,,,,,,,,,,,,1,,,,,,1,,,,,,,,,,,,,,,,,,1,,,,,,,,,,,,,,,,,,,,,,,,,,,,,,,,,,,,,,,,,,,,,,,,,,,,,,,,,,,,,,,,,,,,,,,,1,,,,,,2,,,,,,,,,,,,1,,,,,,,,,,,,,,,,,,,,,,,,,,,,,,1,,,,,,,,,,,,,,,,,,2,,,,,,,,,,,,,,,,,,,,,,,,,,,,,,,,,,,,1,,,,,,,,,,,,,,,,,,,,,,,,1,,,,,,,,,,,,,,,,,,,,,,,,,,,,,,,,,,,,2,,,,,,,,,,,,,,,,,,,,,,,,,,,,,,,,,,,,,,,,,,,,,,,,1,,,,,,,,,,,,1,,,,,,,,,,,,,,,,,,1,,,,,,,,,,,,,,,,,,,,,,,,,,,,,,,,,,,,,,,,,,,,,,,,,,,,,,1,,,,,,,,,,,,,,,,,,1,,,,,,,,,,,,,,,,,,1,,,,,,,,,,,,,,,,,,,,,,,,,,,,,,,,,,,,,,,,,,,,,,,,,,,,,,,,,,,,,,,,,,2,,,,,,,,,,,,,,,,,,1,,,,,,,,,,,,26,,,35,,,0,,,16,,,,,,,,,,,,,,,,,,4,,,,,,2,,,,,,2,,,,,,7,,,,,,3,,,,,,,,,,,,6,,,,,,3,,,,,,10,,,,,,16,,,,,,7,,,,,,6,,,,,,1,,,,,,,,,,,,,,,,,,76,,,83,,,0,,,14,,,,,,4,,,,,,4,,,,,,2,,,,,,4,,,,,,7,,,,,,8,,,,,,2,,,,,,2,,,,,,17,,,,,,9,,,,,,,,,,,,20,,,,,,65,,,93,,,0,,,7,,,,,,1,,,,,,26,,,,,,3,,,,,,15,,,,,,,,,,,,36,,,52,,,0,,
,27327,23925,3272,1,1673,,,26,,,BL-1673-26-recto,,,10,,,June,,,17,,,June,,,,,,,,,2,,,,,,,,,,,,,,,,,,,,,,,,1,,,,,,,,,,,,1,,,,,,1,,,,,,2,,,,,,1,,,,,,2,,,,,,1,,,,,,,,,,,,3,,,,,,,,,,,,1,,,,,,,,,,,,,,,,,,1,,,,,,2,,,,,,,,,,,,,,,,,,2,,,,,,,,,,,,,,,,,,,,,,,,,,,,,,,,,,,,1,,,,,,,,,,,,,,,,,,,,,,,,1,,,,,,,,,,,,1,,,,,,,,,,,,,,,,,,1,,,,,,,,,,,,1,,,,,,2,,,,,,1,,,,,,1,,,,,,,,,,,,1,,,,,,1,,,,,,2,,,,,,,,,,,,,,,,,,,,,,,,,,,,,,1,,,,,,,,,,,,,,,,,,,,,,,,,,,,,,,,,,,,,,,,,,,,,,,,,,,,,,,,,,,,,,,,,,,,,,,,,,,,,,,,,,,,,,,,,,,,,,,,,,,,,,,,,,,,,,,,,,1,,,,,,1,,,,,,,,,,,,,,,,,,1,,,,,,,,,,,,,,,,,,,,,,,,,,,,,,,,,,,,,,,,,,,,,,,,,,,,,,,,,,,,,,,,,,2,,,,,,,,,,,,,,,,,,,,,,,,,,,,,,1,,,,,,,,,,,,,,,,,,1,,,,,,,,,,,,,,,,,,21,,,41,,,0,,,11,,,,,,2,,,,,,,,,,,,3,,,,,,,,,,,,5,,,,,,11,,,,,,8,,,,,,3,,,,,,2,,,,,,5,,,,,,19,,,,,,10,,,,,,6,,,,,,7,,,,,,1,,,,,,1,,,,,,,,,,,,75,,,94,,,0,,,14,,,,,,2,,,,,,7,,,,,,1,,,,,,3,,,,,,2,,,,,,7,,,,,,2,,,,,,1,,,,,,6,,,,,,6,,,,,,4,,,,,,26,,,,,,63,,,81,,,0,,,8,,,,,,1,,,,,,25,,,,,,,,,,,,20,,,,,,,,,,,,39,,,54,,,0,,
,27328,23926,3273,1,1673,,,27,,,BL-1673-27-recto,,,17,,,June,,,24,,,June,,,,,,,,,,,,,,,1,,,,,,1,,,,,,,,,,,,,,,,,,2,,,,,,1,,,,,,3,,,,,,,,,,,,1,,,,,,1,,,,,,,,,,,,,,,,,,1,,,,,,,,,,,,,,,,,,,,,,,,,,,,,,,,,,,,1,,,,,,,,,,,,,,,,,,,,,,,,,,,,,,,,,,,,,,,,,,,,,,,,1,,,,,,,,,,,,,,,,,,1,,,,,,,,,,,,,,,,,,2,,,,,,1,,,,,,1,,,,,,,,,,,,1,,,,,,,,,,,,,,,,,,3,,,,,,1,,,,,,,,,,,,,,,,,,,,,,,,,,,,,,,,,,,,,,,,,,,,,,,,,,,,,,,,,,,,,,,,,,,,,,,,,,,,,,,,,,,,,,,,,,,,,,,,,,,,,,,,,,,,,,,,,,,,,,,,,,,,,,,,,,,,,,,,,,1,,,,,,,,,,,,,,,,,,,,,,,,,,,,,,,,,,,,,,,,,,,,,,,,,,,,,,,,,,,,1,,,,,,,,,,,,1,,,,,,,,,,,,2,,,,,,,,,,,,,,,,,,,,,,,,,,,,,,1,,,,,,,,,,,,,,,,,,1,,,,,,,,1,,,1,,,,,,,,,,,,,,,,,,,1,,,,,,,,,,,,1,,,,,,1,,,,,,,,,,,,27,,,33,,,0,,,19,,,,,,,,,,,,1,,,,,,3,,,,,,,,,,,,1,,,,,,13,,,,,,5,,,,,,3,,,,,,1,,,,,,3,,,,,,17,,,,,,7,,,,,,9,,,,,,9,,,,,,2,,,,,,,,,,,,,,,,,,82,,,93,,,0,,,18,,,,,,2,,,,,,7,,,,,,3,,,,,,1,,,,,,8,,,,,,6,,,,,,2,,,,,,1,,,,,,16,,,,,,6,,,,,,2,,,,,,16,,,,,,69,,,88,,,0,,,4,,,,,,1,,,,,,19,,,,,,3,,,,,,18,,,,,,,,,,,,41,,,45,,,0,,
,27329,23927,3274,1,1673,,,28,,,BL-1673-28-recto,,,24,,,June,,,1,,,July,,,,,,,,,2,,,,,,,,,,,,,,,,,,,,,,,,,,,,,,5,,,,,,,,,,,,,,,,,,1,,,,,,,,,,,,,,,,,,,,,,,,,,,,,,1,,,,,,,,,,,,1,,,,,,,,,,,,,,,,,,1,,,,,,,,,,,,,,,,,,,,,,,,,,,,,,,,,,,,1,,,,,,,,,,,,,,,,,,,,,,,,1,,,,,,,,,,,,,,,,,,,,,,,,,,,,,,,,,,,,1,,,,,,,,,,,,,,,,,,,,,,,,,,,,,,,,,,,,2,,,,,,,,,,,,1,,,,,,,,,,,,,,,,,,,,,,,,,,,,,,,,,,,,,,,,,,,,,,,,,,,,,,,,,,,,1,,,,,,,,,,,,1,,,,,,,,,,,,,,,,,,,,,,,,,,,,,,,,,,,,,,,,,,,,,,,,,,,,,,,,,,,,,,,,,,,,,,,,,,,,,,,,,,,,,,,,,,,,,,,,,,,,,,,,,,,,1,,,,,,,,,,,,,,,,,,,,,,,,,,,,,,1,,,,,,3,,,,,,,,,,,,,,,,,,,,,,,,,,,,,,,,,,,,1,,,,,,,,,,,,,,,,,,,,,,,,,,,,,,,,,,,,,,,,,,,,,,,,,,,,,,,,,,,,,,,,,,,,,,,,20,,,25,,,0,,,12,,,,,,3,,,,,,,,,,,,4,,,,,,1,,,,,,,,,,,,13,,,,,,11,,,,,,5,,,,,,3,,,,,,5,,,1,,,25,,,,,,6,,,,,,12,,,,,,5,,,,,,2,,,,,,1,,,,,,,,,,,,66,,,108,,,1,,,22,,,,,,3,,,,,,7,,,,,,5,,,,,,3,,,,,,5,,,,,,7,,,,,,3,,,,,,,,,,,,10,,,,,,7,,,,,,,,,,,,21,,,,,,54,,,93,,,0,,,5,,,,,,1,,,,,,21,,,,,,2,,,,,,14,,,,,,,,,,,,52,,,43,,,0,,
,27330,23928,3275,1,1673,,,29,,,BL-1673-29-recto,,,1,,,July,,,8,,,July,,,1,,,,,,2,,,,,,1,,,,,,2,,,,,,,,,,,,,,,,,,2,,,,,,,,,,,,1,,,,,,,,,,,,1,,,,,,1,,,,,,,,,,,,,,,,,,1,,,,,,,,,,,,1,,,,,,,,,,,,,,,,,,,,,,,,,,,,,,,,,,,,,,,,,,3,,,,,,,,,,,,1,,,,,,1,,,,,,3,,,,,,,,,,,,,,,,,,1,,,,,,,,,,,,,,,,,,,,,,,,,,,,,,1,,,,,,1,,,,,,,,,,,,,,,,,,,,,,,,2,,,,,,1,,,,,,,,,,,,,,,,,,,,,,,,,,,,,,,,,,,,1,,,,,,,,,,,,,,,,,,,,,,,,,,,,,,,,,,,,,,,,,,,,,,,,1,,,,,,,,,,,,,,,,,,,,,,,,,,,,,,,,,,,,,,,,,,,,,,,,,,,,,,,,,,,,1,,,,,,,,,,,,,,,,,,1,,,,,,1,,,,,,,,,,,,,,,,,,,,,,,,,,,,,,,,,,,,1,,,,,,,,,,,,,,,,,,,,,,,,1,,,,,,,,,,,,,,,,,,,,,,,,,,,,,,,,,,,,,,,,,,,,,,,,,,,,,,,,,,,,3,,,,,,,,,,,,,,,,,,2,,,,,,,,,,,,,,,,,,,,,,,,,,,,,,23,,,39,,,0,,,8,,,,,,,,,,,,,,,,,,4,,,,,,,,,,,,3,,,,,,6,,,,,,2,,,,,,2,,,,,,3,,,,,,5,,,,,,20,,,,,,12,,,,,,7,,,,,,3,,,,,,1,,,,,,1,,,,,,,,,,,,78,,,77,,,0,,,10,,,,,,2,,,,,,10,,,,,,2,,,,,,5,,,,,,7,,,,,,5,,,,,,1,,,,,,2,,,,,,13,,,,,,8,,,,,,3,,,,,,37,,,,,,81,,,105,,,0,,,12,,,,,,3,,,,,,26,,,,,,2,,,,,,13,,,,,,,,,,,,40,,,56,,,0,,
,27331,23929,3595,1,1673,,,30,,,BL-1673-30-recto,,,8,,,July,,,15,,,July,,,,,,,,,2,,,,,,1,,,,,,2,,,,,,,,,,,,,,,,,,1,,,,,,1,,,,,,2,,,,,,,,,,,,,,,,,,1,,,,,,,,,,,,,,,,,,2,,,,,,,,,,,,,,,,,,,,,,,,,,,,,,,,,,,,,,,,,,,,,,,,1,,,,,,,,,,,,,,,,,,,,,,,,,,,,,,3,,,,,,,,,,,,,,,,,,,,,,,,1,,,,,,,,,,,,,,,,,,,,,,,,,,,,,,2,,,,,,,,,,,,1,,,,,,,,,,,,1,,,,,,,,,,,,2,,,,,,,,,,,,,,,,,,,,,,,,,,,,,,,,,,,,1,,,,,,,,,,,,,,,,,,,,,,,,,,,,,,2,,,,,,,,,,,,,,,,,,,,,,,,,,,,,,1,,,,,,,,,,,,1,,,,,,1,,,,,,,,,,,,,,,,,,,,,,,,,,,,,,,,,,,,1,,,,,,2,,,,,,,,,,,,,,,,,,1,,,,,,,,,,,,2,,,,,,,,,,,,1,,,,,,,,,,,,,,,,,,2,,,,,,,,,,,,,,,,,,1,,,,,,,,,,,,1,,,,,,,,,,,,,,,,,,,,,,,,,,,,,,,,,,,,,,,,,,,,,,,,,,,,,,4,,,,,,1,,,,,,,,,,,,,,,,,,,,,,,,31,,,45,,,0,,,13,,,,,,,,,,,,,,,,,,1,,,,,,,,,,,,3,,,,,,6,,,,,,7,,,,,,1,,,,,,2,,,,,,,,,,,,20,,,,,,18,,,,,,9,,,,,,8,,,,,,2,,,,,,,,,,,,,,,,,,75,,,90,,,0,,,22,,,,,,1,,,,,,4,,,,,,3,,,,,,6,,,,,,5,,,,,,6,,,,,,5,,,,,,2,,,,,,13,,,,,,4,,,,,,11,,,,,,19,,,,,,83,,,101,,,0,,,2,,,,,,,,,,,,23,,,,,,1,,,,,,12,,,,,,,,,,,,56,,,38,,,0,,
,27332,23930,3600,1,1673,,,31,,,BL-1673-31-recto,,,15,,,July,,,22,,,July,,,,,,,,,,,,,,,,,,,,,2,,,,,,,,,,,,,,,,,,1,,,,,,,,,,,,1,,,,,,1,,,,,,1,,,,,,,,,,,,,,,,,,,,,,,,1,,,,,,,,,,,,,,,,,,,,,,,,,,,,,,,,,,,,,,,,,,,,,,,,1,,,,,,1,,,,,,,,,,,,,,,,,,1,,,,,,2,,,,,,,,,,,,,,,,,,2,,,,,,1,,,,,,,,,,,,,,,,,,,,,,,,1,,,,,,,,,,,,2,,,,,,,,,,,,,,,,,,,,,,,,1,,,,,,,,,,,,1,,,,,,,,,,,,,,,,,,,,,,,,1,,,,,,,,,,,,,,,,,,,,,,,,2,,,,,,,,,,,,1,,,,,,2,,,,,,,,,,,,,,,,,,,,,,,,,,,,,,,,,,,,2,,,,,,,,,,,,,,,,,,1,,,,,,,,,,,,1,,,,,,,,,,,,1,,,,,,,,,,,,,,,,,,,,,,,,,,1,,,,,,,,,,,,,,,,2,,,,,,1,,,,,,,,,,,,1,,,,,,,,,,,,,,,,,,,,,,,,,,,,,,,,,,,,,,,,,,2,,,,,,,,,,,,,,,,,,,,,,,,1,,,,,,1,,,,,,1,,,,,,1,,,,,,1,,,,,,,,,,,,,,,,,,,,,,,,,,,,,,37,,,42,,,0,,,17,,,,,,1,,,,,,1,,,,,,2,,,,,,1,,,,,,1,,,,,,10,,,,,,5,,,,,,4,,,,,,3,,,,,,7,,,,,,21,,,,,,15,,,,,,10,,,,,,15,,,,,,1,,,,,,,,,,,,,,,,,,78,,,114,,,0,,,14,,,,,,1,,,,,,7,,,,,,1,,,,,,5,,,,,,11,,,,,,10,,,,,,2,,,,,,4,,,,,,16,,,,,,11,,,,,,3,,,,,,33,,,,,,80,,,118,,,0,,,8,,,,,,2,,,,,,35,,,,,,1,,,,,,24,,,,,,,,,,,,47,,,70,,,0,,
,27334,23932,3602,1,1673,,,33,,,BL-1673-33-recto,,,29,,,July,,,5,,,August,,,1,,,,,,2,,,,,,,,,,,,1,,,,,,,,1,,,,,,,,,,1,,,,,,2,,,,,,1,,,,,,2,,,,,,,,,,,,1,,,,,,2,,,,,,1,,,,,,4,,,,,,2,,,,,,,,,,,,,,,,,,,,,,,,,,,,,,,,,,,,,,,,,,,,,,,,2,,,,,,,,,,,,,,,,,,,,,,,,2,,,,,,,,,,,,1,,,,,,,,,,,,1,,,,,,2,,,,,,,,,,,,1,,,,,,,,,,,,1,,,,,,,,,,,,1,,,,,,,,,,,,,,,,,,,,,,,,1,,,,,,1,,,,,,,,,,,,,,,,,,,,,,,,,,,,,,,,,,,,,,,,,,,,,,,,,,,,,,1,,,,,,,,,,,,1,,,,,,1,,,,,,,,,,,,,,,,,,1,,,,,,,,,,,,,,,,,,1,,,,,,,,,,,,,,,,,,,,,,,,2,,,,,,,,,,,,1,,,,,,1,,,,,,1,,,,,,,,,,,,2,,,,,,,,,,,,1,,,,,,1,,,,,,,,,,,,,,,,,,,,,,,,,,,,,,1,,,,,,1,,,,,,1,,,,,,,,,,,,,,,,,,4,,,,,,,,,,,,,,,,,,,,,,,,,,,,,,,,,,,,,,,,,,,,,,,,3,,,,,,,,,,,,1,,,,,,,,,,,,,,,,,,29,,,58,,,0,,,25,,,,,,2,,,,,,,,,,,,7,,,,,,1,,,,,,3,,,,,,15,,,,,,10,,,,,,1,,,,,,4,,,,,,3,,,,,,33,,,,,,17,,,,,,14,,,,,,16,,,,,,1,,,,,,1,,,,,,,,,,,,89,,,153,,,0,,,21,,,,,,1,,,,,,5,,,,,,1,,,,,,7,,,,,,7,,,,,,10,,,,,,6,,,,,,3,,,,,,10,,,,,,7,,,,,,,,,,,,26,,,,,,62,,,104,,,0,,,9,,,,,,4,,,,,,33,,,,,,1,,,,,,18,,,,,,,,,,,,36,,,65,,,0,,
,27335,23933,3603,1,1673,,,34,,,BL-1673-34-recto,,,5,,,August,,,12,,,August,,,2,,,,,,1,,,,,,,,,,,,2,,,,,,,,,,,,1,,1,,,,,,,,,,1,,,,,,1,,,,,,,,,,,,1,,,,,,2,,,,,,,,,,,,1,,,,,,3,,,,,,,,,,,,1,,,,,,,,,,,,,,,,,,1,,,,,,,,,,,,1,,,,,,1,,,,,,1,,,,,,,,,,,,,,,,,,,,,,,,,,,,,,,,,,,,,,,,,,1,,,,,,1,,,,,,,,,,,,,,,,,,,,,,,,,,,,,,,,,,,,,,,,,,1,,,,,,,,,,,,,,,,,,2,,,,,,3,,,,,,2,,,,,,2,,,,,,,,,,,,,,,,,,1,,,,,,2,,,,,,,,,,,,,,,,,,,,,,,,,,,,,,1,,,,,,1,,,,,,,,,,,,,,,,,,,,,,,,,,,,,,,,,,,,1,,,,,,,,,,,,,,,,,,1,,,,,,,,,,,,1,,,,,,,,,,,,,,,,,,,,,,,,,,,,,,,,,,,,,,,,,,1,,,,,,1,,,,,,1,,,,,,,,,,,,,,,,,,1,,,,,,,,,,,,,,,,,,1,,,,,,,,,,,,,,,,,,,,,,,,1,,,,,,1,,,,,,,,,,,,,,,,,,,,,,,,3,,,,,,,,,,,,,,,,,,5,,,,,,1,,,,,,,,,,,,,,,,,,,,,,,,33,,,55,,,0,,,14,,,,,,1,,,,,,,,,,,,7,,,,,,,,,,,,5,,,,,,16,,,,,,6,,,,,,1,,,,,,5,,,,,,1,,,,,,23,,,,,,14,,,,,,8,,,,,,15,,,,,,1,,,,,,2,,,,,,,,,,,,69,,,119,,,0,,,30,,,,,,1,,,,,,2,,,,,,3,,,,,,3,,,,,,11,,,,,,10,,,,,,4,,,,,,2,,,,,,14,,,,,,10,,,,,,10,,,,,,37,,,,,,76,,,137,,,0,,,6,,,,,,2,,,,,,18,,,,,,,,,,,,12,,,,,,,,,,,,46,,,38,,,0,,
,27336,23934,3610,1,1673,,,35,,,BL-1673-35-recto,,,12,,,August,,,19,,,August,,,3,,,,,,2,,,,,,1,,,,,,2,,,,,,,,,,,,,,,,,,,,,,,,4,,,,,,1,,,,,,,,,,,,,,,,,,,,,,,,3,,,,,,2,,,,,,2,,,,,,,,,,,,,,,,,,1,,,,,,,,,,,,,,,,,,,,,,,,,,,,,,,,,,,,4,,,,,,1,,,,,,1,,,,,,1,,,,,,,,,,,,1,,,,,,,,,,,,1,,,,,,3,,,,,,,,,,,,,,,,,,3,,,,,,,,,,,,1,,,,,,,,,,,,,,,,,,,,,,,,,,,,,,,,,,,,1,,,,,,,,,,,,,,,,,,,,,,,,2,,,,,,,,,,,,,,,,,,,,,,,,,,,,,,,,,,,,1,,,,,,2,,,,,,1,,,,,,,,,,,,,,,,,,,,,,,,,,,,,,,,,,,,,,,,,,,,,,,,,,,,,,2,,,,,,,,,,,,,,,,,,1,,,,,,1,,,,,,,,,,,,,,,,,,,,,,,,1,,,,,,,,,,,,,,,,,,2,,,,,,,,,,,,,,,,,,,,,,,,,,,,,,,,,,,,,,,,,,,,,,,,,,,,,,,,,,,,1,,,,,,1,,,,,,1,,,,,,,,,,,,,,,,,,,,,,,,1,,,,,,1,,,,,,,,,,,,1,,,,,,2,,,,,,,,,,,,,,,,,,27,,,59,,,0,,,19,,,,,,1,,,,,,,,,,,,3,,,,,,,,,,,,4,,,,,,12,,,,,,12,,,,,,3,,,,,,3,,,,,,,,,,,,20,,,,,,20,,,,,,19,,,,,,19,,,,,,3,,,,,,1,,,,,,,,,,,,75,,,139,,,0,,,24,,,,,,5,,,,,,7,,,,,,3,,,,,,5,,,,,,9,,,,,,12,,,,,,2,,,,,,,,,,,,20,,,,,,16,,,,,,3,,,,,,26,,,,,,72,,,132,,,0,,,13,,,,,,5,,,,,,28,,,,,,3,,,,,,18,,,,,,,,,,,,39,,,67,,,0,,
,27367,23935,3611,1,1673,,,36,,,BL-1673-36-recto,,,19,,,August,,,26,,,August,,,1,,,,,,4,,,,,,1,,,,,,,,,,,,,,,,,,,,,,,,1,,,,,,,,,,,,1,,,,,,,,,,,,,,,,,,2,,,,,,,,,,,,2,,,,,,4,,,,,,2,,,,,,,,,,,,,,,,,,,,,,,,,,,,,,,,,,,,,,,,,,,,,,,,1,,,,,,,,,,,,1,,,,,,,,,,,,,,,,,,,,,,,,,,,,,,,,,,,,2,,,,,,,,,,,,,,,,,,1,,,,,,,,,,,,,,,,,,,,,,,,,,,,,,,,,,,,,,,,,,2,,,,,,1,,,,,,1,,,,,,2,,,,,,,,,,,,,,,,,,,,,,,,1,,,,,,,,,,,,,,,,,,,,,,,,2,,,,,,,,,,,,,,,,,,1,,,,,,,,,,,,,,,,,,2,,,,,,,,,,,,2,,,,,,,,,,,,,,,,,,1,,,,,,,,,,,,2,,,,,,,,,,,,,,,,,,1,,,,,,,,,,,,,,,,,,,,,,,,1,,,,,,1,,,,,,,,,,,,,,,,,,,,,,,,,,,,,,1,,,,,,,,,,,,,,,,,,,,,,,,,,,,,,1,,,,,,1,,,,,,,,,,,,1,,,,,,,,,,,,,,,,,,1,,,,,,,,,,,,1,,,,,,1,,,,,,1,,,,,,1,,,,,,,,,,,,,,,,,,24,,,52,,,0,,,15,,,,,,3,,,,,,1,,,,,,4,,,,,,,,,,,,1,,,,,,11,,,,,,13,,,,,,1,,,,,,4,,,,,,5,,,,,,26,,,,,,16,,,,,,16,,,,,,12,,,,,,1,,,,,,,,,,,,,,,,,,79,,,129,,,0,,,30,,,,,,6,,,,,,9,,,,,,3,,,,,,6,,,,,,10,,,,,,14,,,,,,5,,,,,,5,,,,,,21,,,,,,12,,,,,,4,,,,,,36,,,,,,90,,,161,,,0,,,10,,,,,,1,,,,,,39,,,,,,4,,,,,,23,,,,,,,,,,,,44,,,77,,,0,,
,27368,23936,3612,1,1673,,,37,,,BL-1673-37-recto,,,26,,,August,,,2,,,September,,,2,,,,,,1,,,,,,2,,,,,,,,,,,,,,,,,,,,,,,,2,,,,,,,,,,,,3,,,,,,,,,,,,1,,,,,,,,,,,,,,,,,,1,,,,,,3,,,,,,,,,,,,,,,,,,1,,,,,,,,,,,,,,,,,,1,,,,,,,,,,,,,,,,,,1,,,,,,,,,,,,,,,,,,,,,,,,1,,,,,,,,,,,,,,,,,,2,,,,,,1,,,,,,,,,,,,,,,,,,2,,,,,,1,,,,,,,,,,,,,,,,,,,,,,,,,,,,,,,,,,,,1,,,,,,2,,,,,,,,,,,,1,,,,,,,,,,,,,,,,,,,,,,,,1,,,,,,,,,,,,,,,,,,,,,,,,1,,,,,,,,,,,,,,,,,,1,,,,,,,,,,,,,,,,,,,,,,,,,,,,,,,,,,,,,,,,,,,,,,,,1,,,,,,,,,,,,,,,,,,,,,,,,,,,,,,,,,,,,1,,,,,,,,,,,,,,,,,,,,,,,,,,,,,,,,,,,,,,,,,,,,,,,,,,,,,,,,,,,,,,,,,,,,,,,,,,,,,,,,,,,,,,,,,,,,,,,,,,,,,,,,,,,,,,,,,,,,,,,,1,,,,,,,,,,,,1,,,,,,3,,,,,,,,,,,,,,,,,,,,,,,,,,,,,,22,,,39,,,0,,,13,,,,,,2,,,,,,,,,,,,3,,,,,,,,,,,,2,,,,,,11,,,,,,7,,,,,,4,,,,,,9,,,,,,6,,,,,,23,,,,,,17,,1,,,,10,,,,,,13,,,,,,1,,,,,,,,,,,,,,,,,,82,,,121,,,0,,,16,,,,,,1,,,,,,7,,,,,,2,,,,,,6,,,,,,12,,,,,,5,,,,,,5,,,,,,2,,,,,,16,,,,,,12,,,,,,3,,,,,,43,,,,,,76,,,129,,,0,,,9,,,,,,3,,,,,,30,,,,,,1,,,,,,13,,,,,,,,,,,,47,,,56,,,0,,
,27369,23937,3613,1,1673,,,38,,,BL-1673-38-recto,,,2,,,September,,,9,,,September,,,2,,,,,,1,,,,,,,,,,,,1,,,,,,,,,,,,,,,,,,,,,,,,,,,,,,2,,,,,,1,,,,,,,,,,,,1,,,,,,4,,,,,,,,,,,,2,,,,,,,,,,,,,,,,,,1,,,,,,2,,,,,,,,,,,,,,,,,,,,,,,,,,,,,,,,,,,,,,,,,,,,,,,,,,,,,,1,,,,,,,,,,,,,,,,,,2,,,,,,1,,,,,,,,,,,,,,,,,,,,,,,,2,,,,,,1,,,,,,1,,,,,,,,,,,,,,,,,,,,,,,,,,,,,,,,,,,,,,,,,,1,,,,,,,,,,,,1,,,,,,,,,,,,,,,,,,,,,,,,,,,,,,,,,,,,1,,,,,,,,,,,,1,,,,,,1,,,,,,,,,,,,1,,,,,,1,,,,,,,,,,,,1,,,,,,,,,,,,,,,,,,2,,,,,,,,,,,,1,,,,,,,,,,,,,,,,,,3,,,,,,,,,,,,,,,,,,,,,,,,1,,,,,,,,,,,,,,,,,,4,,,,,,,,,,,,,,,,,,1,,,,,,1,,,,,,1,,,,,,,,,,,,,,,,,,,,,,,,1,,,,,,1,,,,,,,,,,,,,,,,,,,,,,,,1,,,,,,,,,,,,,,,,,,2,,,,,,,,,,,,1,,,,,,1,,,,,,,,,,,,26,,,54,,,0,,,17,,,,,,2,,,,,,1,,,,,,6,,,,,,,,,,,,3,,,,,,15,,,,,,5,,,,,,4,,,,,,4,,,,,,5,,,,,,20,,,,,,14,,,,,,11,,,,,,9,,,,,,,,,,,,,,,,,,,,,,,,64,,,116,,,0,,,18,,,,,,,,,,,,4,,,,,,3,,,,,,5,,,,,,11,,,,,,8,,,,,,4,,,,,,3,,,,,,11,,,,,,9,,,,,,3,,,,,,40,,,,,,77,,,119,,,0,,,12,,,,,,3,,,,,,34,,,,,,2,,,,,,25,,,,,,,,,,,,54,,,76,,,0,,
,27370,23938,3614,1,1673,,,39,,,BL-1673-39-recto,,,9,,,September,,,16,,,September,,,,,,,,,,,,,,,,,,,,,2,,,,,,,,,,,,,,,,,,,,,,,,2,,,,,,2,,,,,,1,,,,,,,,,,,,2,,,,,,1,,,,,,1,,,,,,2,,,,,,1,,,,,,,,,,,,,,,,,,,,,,,,,,,,,,3,,,,,,,,,,,,,,,,,,,,,,,,1,,,,,,,,,,,,,,,,,,4,,,,,,,,,,,,,,,,,,1,,,,,,,,,,,,,,,,,,,,,,,,,,,,,,3,,,,,,,,,,,,,,,,,,,,,,,,,,,,,,,,,,,,1,,,,,,2,,,,,,2,,,,,,,,,,,,,,,,,,,,,,,,,,,,,,,,,,,,,,,,,,,,,,,,,,,,,,,,,,,,,,,,,,,,,,,,1,,,,,,,,,,,,,,,,,,2,,,,,,,,,,,,,,,,,,,,,,,,,,,,,,,,,,,,,,,,,,1,,,,,,2,,,,,,1,,,,,,2,,,,,,,,,,,,,,,,,,,,,,,,,,,,,,2,,,,,,,,,,,,1,,,,,,,,,,,,,,,,,,,,,,,,,,,,,,,,,,,,,,,,,,1,,,,,,,,,,,,,,,,,,,,,,,,,,,,,,,,,,,,,,,,,,1,,,,,,,,,,,,,,,,,,4,,,,,,,,,,,,,,,,,,,,,,,,,,,,,,22,,,49,,,0,,,24,,,,,,1,,,,,,,,,,,,3,,,,,,,,,,,,10,,,,,,13,,,,,,4,,,,,,,,,,,,4,,,,,,6,,,,,,22,,,,,,16,,,,,,3,,,,,,14,,,,,,,,,,,,1,,,,,,,,,,,,76,,,121,,,0,,,29,,,,,,,,,,,,5,,,,,,1,,,,,,2,,,,,,6,,,,,,9,,,,,,3,,,,,,2,,,,,,12,,,,,,9,,,,,,2,,,,,,27,,,,,,73,,,107,,,0,,,10,,,,,,4,,,,,,32,,,,,,2,,,,,,16,,,,,,,,,,,,46,,,64,,,0,,
,27371,23939,3615,1,1673,,,40,,,BL-1673-40-recto,,,16,,,September,,,23,,,September,,,,,,,,,,,,,,,,,,,,,,,,,,,,,,,,,,,,,,,1,,,,,,,,,,,,1,,,,,,1,,,,,,,,,,,,1,,,,,,,,,,,,1,,,,,,1,,,,,,2,,,,,,,,,,,,,,,,,,,,,,,,,,,,,,,,,,,,,,,,,,,,,,,,,,,,,,,,,,,,,,,,,,,,,,,,1,,,,,,1,,,,,,1,,,,,,1,,,,,,1,,,,,,,,,,,,,,,,,,2,,,,,,1,,,,,,1,,,,,,1,,,,,,,,,,,,,,,,,,,,,,,,2,,,,,,,,,,,,2,,,,,,,,,,,,,,,,,,,,,,,,,,,,,,,,,,,,,,,,,,,,,,,,1,,,,,,,,,,,,1,,,,,,,,,,,,1,,,,,,,,,,,,,,,,,,2,,,,,,,,,,,,,,,,,,,,,,,,,,,,,,1,,,,,,,,,,,,,,,,,,2,,,,,,,,,,,,1,,,,,,,,,,,,,,,,,,,,,,,,,,,,,,2,,,,,,1,,,,,,,,,,,,,,,,,,,,,,,,,,,,,,,,,,,,1,,,,,,1,,,,,,,,,,,,,,,,,,1,,,,,,1,,,,,,1,,,,,,,,,,,,,,,,,,1,,,,,,,,,,,,1,,,,,,5,,,,,,,,,,,,,,,,,,,,,,,,,,,,,,30,,,46,,,0,,,14,,,,,,3,,,,,,,,,,,,7,,,,,,2,,,,,,2,,,,,,15,,,,,,15,,,,,,,,,,,,2,,,,,,6,,,,,,24,,,,,,13,,,,,,8,,,,,,6,,,,,,,,,,,,,,,,,,,,,,,,86,,,117,,,0,,,17,,,,,,,,,,,,9,,,,,,5,,,,,,3,,,,,,12,,,,,,13,,,,,,2,,,,,,1,,,,,,17,,,,,,10,,,,,,2,,,,,,23,,,,,,72,,,114,,,0,,,13,,,,,,5,,,,,,25,,,,,,2,,,,,,24,,,,,,,,,,,,53,,,69,,,0,,
,27372,23940,3616,1,1673,,,41,,,BL-1673-41-recto,,,23,,,September,,,30,,,September,,,,,,,,,,,,,,,1,,,,,,1,,,,,,,,,,,,,,,,,,,,,,,,,,,,,,2,,,,,,,,,,,,,,,,,,1,,,,,,1,,,,,,2,,,,,,1,,,,,,1,,,,,,,,,,,,,,,,,,1,,,,,,1,,,,,,,,,,,,,,,,,,,,,,,,,,,,,,,,,,,,,,,,,,,,,,,,1,,,,,,,,,,,,,,,,,,1,,,,,,,,,,,,,,,,,,,,,,,,1,,,,,,,,,,,,,,,,,,2,,,,,,,,,,,,,,,,,,,,,,,,1,,,,,,1,,,,,,,,,,,,,,,,,,,,,,,,,,,,,,3,,,,,,,,,,,,,,,,,,,,,,,,,,,,,,1,,,,,,1,,,,,,,,,,,,,,,,,,,,,,,,,,,,,,1,,,,,,,,,,,,,,,,,,,,,,,,,,,,,,,,,,,,1,,,,,,,,,,,,,,,,,,,,,,,,2,,,,,,1,,,,,,,,,,,,1,,,,,,1,,,,,,2,,,,,,,,,,,,,,,,,,,,,,,,,,,,,,1,,,,,,,,,,,,,,,,,,,,,,,,,,,,,,1,,,,,,1,,,,,,2,,,,,,,,,,,,1,,,,,,,,,,,,1,,,,,,,,,,,,2,,,,,,1,,,,,,,,,,,,1,,,,,,,,,,,,,,,,,,26,,,44,,,0,,,21,,,,,,4,,,,,,,,,,,,4,,,,,,,,,,,,6,,,,,,10,,,,,,12,,,,,,1,,,,,,8,,,,,,5,,,,,,34,,,,,,10,,,,,,15,,,,,,13,,,,,,2,,,,,,,,,,,,,,,,,,88,,,145,,,0,,,20,,,,,,,,,,,,9,,,,,,2,,,,,,3,,,,,,,,,,,,12,,,,,,7,,,,,,1,,,,,,14,,,,,,6,,,,,,2,,,,,,19,,,,,,80,,,93,,,0,,,5,,,,,,2,,,,,,32,,,,,,2,,,,,,17,,,,,,,,,,,,32,,,58,,,0,,
,27373,23941,3617,1,1673,,,42,,,BL-1673-42-recto,,,30,,,September,,,7,,,October,,,,,,,,,,,,,,,2,,,,,,,,,,,,,,,,,,1,,,,,,,,,,,,2,,,,,,2,,,,,,2,,,,,,,,,,,,2,,,,,,1,,,,,,,,,,,,,,,,,,,,,,,,1,,,,,,,,,,,,1,,,,,,,,,,,,2,,,,,,,,,,,,,,,,,,1,,,,,,,,,,,,,,,,,,,,,,,,2,,,,,,,,,,,,,,,,,,,,,,,,2,,,,,,,,,,,,,,,,,,,,,,,,,,,,,,,,,,,,,,,,,,,,,,,,,,,,,,,,,,,,,,,,,,1,,,,,,,,,,,,1,,,,,,,,,,,,,,,,,,,,,,,,2,,,,,,,,,,,,,,,,,,,,,,,,2,,,,,,,,,,,,,,,,,,,,,,,,,,,,,,,,,,,,1,,,,,,,,,,,,1,,,,,,,,,,,,,,,,,,,,,,,,,,,,,,,,,,,,,,,,,,,,,,,,,,,,,,1,,,,,,,,,,,,,,,,,,,,,,,,,,,,,,2,,,,,,,,,,,,,,,,,,,,,,,,,,,,,,1,,,,,,,,,,,,,,,,,,,,,,,,,,,,,,1,,,,,,,,,,,,,,,,,,,,,,,,,,,,,,,,,,,,,,,,,,,,,,,,2,,,,,,,,,,,,,,,,,,,,,,,,,,,,,,34,,,36,,,0,,,11,,,,,,,,,,,,,,,,,,9,,,,,,1,,,,,,3,,,,,,13,,,,,,6,,,,,,2,,,,,,2,,,,,,3,,,,,,22,,1,,,,14,,,,,,10,,,,,,11,,,,,,,,,,,,,,,,,,,,,,,,77,,,107,,,0,,,19,,,,,,2,,,,,,8,,,,,,4,,,,,,10,,,,,,10,,,,,,2,,,,,,5,,,,,,3,,,,,,10,,,,,,5,,,,,,2,,,,,,26,,,,,,82,,,106,,,0,,,7,,,,,,2,,,,,,34,,,,,,2,,,,,,15,,,,,,,,,,,,45,,,60,,,0,,
,27374,23942,3618,1,1673,,,43,,,BL-1673-43-recto,,,7,,,October,,,14,,,October,,,,,,,,,,,,,,,,,,,,,,,,,,,,,,,,,1,,,,,,,,,,,,,,,,,,1,,,,,,1,,,,,,,,,,,,,,,,,,,,,,,,,,,,,,3,,,,,,,,,,,,,,,,,,2,,,,,,,,,,,,,,,,,,1,,,,,,,,,,,,,,,,,,1,,,,,,,,,,,,,,,,,,,,,,,,1,,,,,,,,,,,,,,,,,,,,,,,,,,,,,,,,,,,,,,,,,,,,,,,,2,,,,,,,,,,,,2,,,,,,1,,,,,,,,,,,,2,,,,,,,,,,,,,,,,,,4,,,,,,,,,,,,,,,,,,,,,,,,1,,,,,,,,,,,,,,,,,,,,,,,,,,,,,,1,,,,,,3,,,,,,,,,,,,,,,,,,,,,,,,,,,,,,,,,,,,,,,,,,,,,,,,,,,,,,,,,,,,,,,,,,,,,,,,1,,,,,,,,,,,,,,,,,,,,,,,,,,,,,,,,,,,,,,,,,,1,,,,,,,,,,,,,,,,,,,,,,,,,,,,,,,,,,,,1,,,,,,,,,,,,,,,,,,,,,,,,,,,,,,,,,,,,2,,,,,,,,,,,,,,,,,,,,,,,,,,,,,,2,,,,,,,,,,,,,,,,,,2,,,,,,,,,,,,,,,,,,1,,,,,,,,,,,,26,,,37,,,0,,,18,,,,,,3,,,,,,2,,,,,,6,,,,,,1,,,,,,1,,,,,,18,,,,,,8,,,,,,2,,,,,,4,,,,,,5,,,,,,20,,,,,,18,,,,,,6,,,,,,11,,,,,,2,,,,,,,,,,,,,,,,,,83,,,125,,,0,,,18,,,,,,2,,,,,,6,,,,,,5,,,,,,4,,,,,,6,,,,,,5,,,,,,5,,,,,,1,,,,,,15,,,,,,5,,,,,,2,,,,,,22,,,,,,65,,,96,,,0,,,9,,,,,,2,,,,,,21,,,,,,1,,,,,,11,,,,,,,,,,,,43,,,44,,,0,,
,27375,23943,3619,1,1673,,,44,,,BL-1673-44-recto,,,14,,,October,,,21,,,October,,,1,,,,,,2,,,,,,,,,,,,1,,,,,,,,,,,,,,,,,,2,,,,,,2,,,,,,,,,,,,,,,,,,,,,,,,3,,,,,,,,,,,,,,,,,,2,,,,,,,,,,,,1,,,,,,,,,,,,,,,,,,1,,,,,,,,,,,,,,,,,,,,,,,,2,,,,,,,,,,,,,,,,,,,,,,,,2,,,,,,1,,,,,,,,,,,,,,,,,,2,,,,,,,,,,,,,,,,,,2,,,,,,,,,,,,,,,,,,,,,,,,,,,,,,,,,,,,1,,,,,,2,,,,,,,,,,,,2,,,,,,,,,,,,,,,,,,1,,,,,,,,,,,,,,,,,,,,,,,,,,,,,,,,,,,,,,,,,,1,,,,,,,,,,,,1,,,,,,,,,,,,,,,,,,2,,,,,,,,,,,,,,,,,,1,,,,,,,,,,,,1,,,,,,,,,,,,,,,,,,,,,,,,2,,,,,,,,,,,,,,,,,,,,,,,,,,,,,,,,,,,,,,,,,,1,,,,,,2,,,,,,,,,,,,,,,,,,1,,,,,,,,,,,,1,,,,,,1,,,,,,,,,,,,,,,,,,1,,,,,,,,,,,,,,,,,,1,,,,,,,,,,,,1,,,,,,,,,,,,,,,,,,3,,,,,,,,,,,,,,,,,,,,,,,,,,,,,,21,,,50,,,0,,,16,,,,,,2,,,,,,1,,,,,,5,,,,,,,,,,,,5,,,,,,17,,,,,,5,,,,,,1,,,,,,2,,,,,,3,,,,,,24,,,,,,14,,,,,,14,,,,,,6,,,,,,,,,,,,,,,,,,,,,,,,59,,,115,,,0,,,22,,,,,,,,,,,,4,,,,,,1,,,,,,9,,,,,,7,,,,,,10,,,,,,2,,,,,,1,,,,,,10,,,,,,5,,,,,,3,,,,,,38,,,,,,86,,,112,,,0,,,11,,,,,,9,,,,,,25,,,,,,3,,,,,,15,,,,,,,,,,,,47,,,63,,,0,,
,27376,23944,3620,1,1673,,,45,,,BL-1673-45-recto,,,21,,,October,,,28,,,October,,,,,,,,,1,,,,,,1,,,,,,1,,,,,,,,,,,,,,,,,,,,,,,,,,,,,,4,,,,,,,,,,,,,,,,,,,,,,,,,,,,,,1,,,,,,2,,,,,,,,,,,,,,,,,,,,,,,,,,,,,,,,,,,,1,,,,,,,,,,,,1,,,,,,,,,,,,,,,,,,,,,,,,1,,,,,,,,,,,,,,,,,,,,,,,,2,,,,,,1,,,,,,,,,,,,,,,,,,3,,,,,,,,,,,,1,,,,,,,,,,,,,,,,,,,,,,,,,,,,,,2,,,,,,3,,,,,,,,,,,,,,,,,,,,,,,,,,,,,,1,,,,,,1,,,,,,,,,,,,,,,,,,,,,,,,,,,,,,1,,,,,,,,,,,,2,,,,,,,,,,,,,,,,,,,,,,,,,,,,,,,,,,,,,,,,,,,,,,,,,,,,,,,,,,,,,,,,,,,,,,,,,,,,,,,,,,,,,,,,,,,,,,,,2,,,,,,1,,,,,,,,,,,,,,,,,,3,,,,,,,,,,,,,,,,,,1,,,,,,1,,,,,,1,,,,,,2,,,,,,,,,,,,,,,,,,,,,,,,,,,,,,1,,,,,,,,,,,,,,,,,,,,,,,,,,,,,,,,,,,,,,,,,,,,,,,,,,,,,,,,,,,,,,,,,,28,,,42,,,0,,,16,,,,,,2,,,,,,,,,,,,4,,,,,,1,,,,,,3,,,,,,11,,,,,,9,,,,,,1,,,,,,2,,,,,,3,,,,,,28,,,,,,18,,,,,,5,,,,,,13,,,,,,,,,,,,,,,,,,,,,,,,60,,,116,,,0,,,11,,,,,,1,,,,,,6,,,,,,5,,,,,,3,,,,,,8,,,,,,11,,,,,,5,,,,,,1,,,,,,12,,,,,,11,,,,,,3,,,,,,26,,1,,,,71,,,103,,,0,,,10,,,,,,3,,,,,,29,,,,,,4,,,,,,16,,,,,,,,,,,,31,,,62,,,0,,
,27407,23945,3621,1,1673,,,46,,,BL-1673-46-recto,,,28,,,October,,,4,,,November,,,,,,,,,4,,,,,,1,,,,,,1,,,,,,,,,,,,1,,,,,,3,,,,,,,,,,,,3,,,,,,,,,,,,,,,,,,,,,,,,,,,,,,,,,,,,2,,,,,,,,,,,,,,,,,,,,,,,,,,,,,,1,,,,,,,,,,,,,,,,,,1,,,,,,1,,,,,,,,,,,,,,,,,,1,,,,,,2,,,,,,,,,,,,,,,,,,,,,,,,1,,,,,,,,,,,,,,,,,,3,,,,,,,,,,,,2,,,,,,1,,,,,,1,,,,,,,,,,,,,,,,,,,,,,,,,,,,,,,,,,,,,,,,,,,,,,,,,,,,,,,,,,,,,,,,,,,,,,,,,,,,,,,,,,,,1,,,,,,,,,,,,,,,,,,,,,,,,,,,,,,,,,,,,,,,,,,,,,,,,,,,,,,1,,,,,,,,,,,,2,,,,,,,,,,,,1,,,,,,2,,,,,,,,,,,,,,,,,,,,,,,,,,,,,,,,,,,,,,,,,,,,,,,,,,,,,,,,,,,,,,,,,,,,,,,,,,,,,,,,,,,,1,,,,,,,,,,,,,,,,,,,,,,,,,,,,,,,,,,,,1,,,,,,1,,,,,,,,,,,,1,,,,,,,,,,,,,,,,,,2,,,,,,,,,,,,,,,,,,,,,,,,,,,,,,30,,,42,,,0,,,20,,,,,,2,,,,,,1,,,,,,2,,,,,,,,,,,,5,,,,,,14,,,,,,6,,,,,,,,,,,,3,,,,,,2,,,,,,20,,,,,,16,,,,,,7,,,,,,8,,,,,,2,,,,,,1,,,,,,,,,,,,75,,,109,,,0,,,22,,,,,,3,,,,,,8,,,,,,2,,,,,,4,,,,,,7,,,,,,5,,,,,,2,,,,,,2,,,,,,13,,,,,,7,,,,,,5,,,,,,15,,,,,,71,,,95,,,0,,,4,,,,,,2,,,,,,24,,,,,,1,,,,,,16,,,,,,,,,,,,48,,,47,,,0,,
,27408,23946,3622,1,1673,,,47,,,BL-1673-47-recto,,,4,,,November,,,11,,,November,,,,,,,,,1,,,,,,1,,,,,,,,,,,,,,,,,,1,,,,,,,,,,,,,,,,,,2,,,,,,,,,,,,,,,,,,2,,,,,,,,,,,,,,,,,,3,,,,,,,,,,,,,,,,,,,,,,,,,,,,,,1,,,,,,,,,,,,,,,,,,,,,,,,4,,,,,,,,,,,,,,,,,,3,,,,,,5,,,,,,,,,,,,,,1,,,,,,1,,,,,,,,,,,,,,,,,,,,,,,,,,,,,,,,,,,,,,,,1,,,,,,,,,,,,,,,,,,1,,,,,,,,,,,,1,,,,,,2,,,,,,,,,,,,,,,,,,,,,,,,,,,,,,,,,,,,,,,,,,,,,,,,,,,,,,2,,,,,,,,,,,,,,,,,,,,,,,,,,,,,,,,,,,,,,,,,,,,,,,,,,,,,,,,,,,,,,,,,,,,,,,,,,,,,,,,,,,,,,,,,,2,,,,,,1,,,,,,,,,,,,,,,,,,,,,,,,,,,,,,,,,,,,,,,,,,,,,,,,,,,,,,,,,,,,,,,,,,1,,,,,,,,,,,,,,,,,,,,,,,,,,,,,,,,,,,,,,,,,,,,,,,,,,,,,,,,,,,,,,,,,,,,,,,,,,,,,,,,,,,,1,,,,,,,,,,,,1,,,,,,1,,,,,,21,,,37,,,0,,,17,,,,,,,,,,,,,,,,,,2,,,,,,,,,,,,2,,,,,,13,,,,,,5,,,,,,1,,,,,,2,,,,,,6,,,,,,17,,,,,,11,,,,,,6,,,,,,11,,,,,,,,,,,,,,,,,,,,,,,,104,,,93,,,0,,,23,,,,,,2,,,,,,8,,,,,,4,,,,,,2,,,,,,3,,,,,,8,,,,,,3,,,,,,1,,,,,,15,,,,,,6,,,,,,5,,,,,,32,,,,,,75,,,112,,,0,,,3,,,,,,2,,,,,,29,,,,,,3,,,,,,18,,,,,,,,,,,,43,,,55,,,0,,
,27409,23947,3623,1,1673,,,48,,,BL-1673-48-recto,,,11,,,November,,,18,,,November,,,,,,,,,2,,,,,,,,,,,,1,,,,,,,,,,,,,,,,,,,,,,,,,,,,,,3,,,,,,,,,,,,,,,,,,1,,,,,,1,,,,,,,,,,,,2,,,,,,,,,,,,,,,,,,,,,,,,,,,,,,,,,,,,,,,,,,,,,,,,,,,,,,5,,,,,,1,,,,,,,,,,,,,,,,,,5,,,,,,2,,,,,,,,,,,,,,,,,,2,,,,,,,,,,,,,,,,,,,,,,,,1,,,,,,2,,,,,,,,,,,,,,,,,,,,,,,,,,,,,,,,,,,,2,,,,,,1,,,,,,1,,,,,,,,,,,,,,,,,,1,,,,,,1,,,,,,,,,,,,,,,,,,,,,,,,,,,,,,1,,,,,,,,,,,,,,,,,,,,,,,,,,,,,,,,,,,,,,,,,,2,,,,,,,,,,,,,,,,,,,,,,,,,,,,,,,,,,,,,,,,,,,,,,,,2,,,,,,1,,,,,,,,,,,,2,,,,,,1,,,,,,1,,,,,,,,,,,,2,,,,,,,,,,,,,,,,,,,,,,,,,,,,,,,,,,,,,,,,,,1,,,,,,1,,,,,,1,,,,,,1,,,,,,,,,,,,1,,,,,,,,,,,,1,,,,,,,,,,,,1,,,,,,2,,,,,,1,,,,,,,,,,,,,,,,,,,,,,,,29,,,56,,,0,,,19,,,,,,2,,,,,,,,,,,,3,,,,,,1,,,,,,5,,,,,,14,,,,,,7,,,,,,2,,,,,,3,,,,,,5,,,,,,21,,,,,,11,,,,,,16,,,,,,12,,,,,,2,,,,,,1,,,,,,,,,,,,88,,,124,,,0,,,20,,,,,,1,,,,,,5,,,,,,5,,,,,,2,,,,,,5,,,,,,5,,,,,,4,,,,,,3,,,,,,17,,,,,,13,,,,,,5,,,,,,27,,,,,,73,,,112,,,0,,,8,,,,,,2,,,,,,31,,,,,,2,,,,,,31,,,,,,,,,,,,45,,,74,,,0,,
,27410,23948,3624,1,1673,,,49,,,BL-1673-49-recto,,,18,,,November,,,25,,,November,,,1,,,,,,2,,,,,,1,,,,,,,,,,,,,,,,,,,,,,,,,,,,,,1,,,,,,2,,,,,,1,,,,,,,,,,,,3,,,,,,1,,,,,,,,,,,,1,,,,,,1,,,,,,1,,,,,,,,,,,,,,,,,,2,,,,,,2,,,,,,,,,,,,,,,,,,2,,,,,,1,,,,,,,,,,,,,,,,,,1,,,,,,1,,,,,,,,,,,,2,,,,,,,,,,,,,,,,,,,,,,,,1,,,,,,1,,,,,,1,,,,,,,,,,,,2,,,,,,,,,,,,,,,,,,,,,,,,2,,,,,,,,,,,,,,,,,,,,,,,,1,,,,,,,,,,,,,,,,,,,,,,,,,,,,,,,,,,,,,,,,,,1,,,,,,2,,,,,,,,,,,,,,,,,,,,,,,,2,,,,,,,,,,,,1,,,,,,,,,,,,,,,,,,,,,,,,,,,,,,1,,,,,,,,,,,,,,,,,,,,,,,,2,,,,,,,,,,,,1,,,,,,2,,,,,,1,,,,,,1,,,,,,,,,,,,,,,,,,,,,,,,,,,,,,,,,,,,,,,,,,,,,,,,,,,,,,,,,,,,,,,,,,,,,,,,1,,,,,,,,,,,,,,,,,,1,,,,,,1,,,,,,2,,,,,,3,,,,,,1,,,,,,,,,,,,,,,,,,,,,,,,24,,,57,,,0,,,16,,,,,,1,,,,,,4,,,,,,2,,,,,,,,,,,,5,,,,,,20,,,,,,5,,,,,,5,,,,,,5,,,,,,9,,,,,,32,,,,,,22,,,,,,8,,,,,,14,,,,,,,,,,,,,,,,,,,,,,,,88,,,148,,,0,,,31,,,,,,2,,,,,,3,,,,,,3,,,,,,4,,,,,,8,,,,,,11,,,,,,4,,,,,,3,,,,,,20,,,,,,10,,,,,,,,,,,,36,,,,,,99,,,135,,,0,,,13,,,,,,3,,,,,,34,,,,,,1,,,,,,13,,,,,,,,,,,,63,,,64,,,0,,
,27411,23949,3389,1,1673,,,50,,,BL-1673-50-recto,,,25,,,November,,,2,,,December,,,1,,,,,,4,,,,,,2,,,,,,2,,,,,,,,,,,,,,,,,,,,,,,,,,,,,,,,,,,,1,,,,,,,,,,,,,,,,,,2,,,,,,,,,,,,1,,,,,,,,,,,,,,,,,,,,,,,,,,,,,,,,,,,,1,,,,,,1,,,,,,,,,,,,2,,,,,,,,,,,,1,,,,,,,,,,,,2,,,,,,,,,,,,,,,,,,1,,,,,,1,,,,,,,,,,,,,,,,,,1,,,,,,4,,,,,,2,,,,,,1,,,,,,,,,,,,,,,,,,,,,,,,,,,,,,2,,,,,,1,,,,,,1,,,,,,1,,,,,,,,,,,,,,,,,,1,,,,,,,,,,,,,,,,,,,,,,,,1,,,,,,3,,,,,,2,,,,,,2,,,,,,,,,,,,1,,,,,,1,,,,,,,,,,,,1,,,,,,1,,,,,,,,,,,,1,,,,,,,,,,,,1,,,,,,,,,,,,1,,,,,,,,,,,,,,,,,,,,,,,,,,,,,,1,,,,,,2,,,,,,,,,,,,,,,,,,,,,,,,,,,,,,,,,,,,,,,,,,,,,,,,,,,,,,,,,,,,1,,,,,,,,,,,,,,,,,,,,,,,,,,,,,,,,,,,,2,,,,,,,,,,,,4,,,,,,,,,,,,,,,,,,,,,,,,,,,,,,,,,,,,45,,,61,,,0,,,13,,,,,,,,,,,,1,,,,,,3,,,,,,,,,,,,2,,,,,,15,,,,,,8,,,,,,1,,,,,,5,,,,,,7,,,,,,19,,,1,,,14,,,,,,15,,,,,,13,,,,,,,,,,,,,,,,,,,,,,,,73,,,116,,,1,,,19,,,,,,,,,,,,7,,,,,,2,,,,,,3,,,,,,11,,,,,,9,,,,,,3,,,,,,7,,,,,,20,,,,,,8,,,,,,4,,,,,,34,,,,,,63,,,127,,,0,,,16,,,,,,4,,,,,,43,,,,,,2,,,,,,25,,,,,,,,,,,,38,,,90,,,0,,
,27412,23950,3390,1,1673,,,51,,,BL-1673-51-recto,,,2,,,December,,,9,,,December,,,,,,,,,,,,,,,2,,,,,,,,,,,,,,,,,,,,,,,,,,,,,,2,,,,,,2,,,,,,,,,,,,,,,,,,,,,,,,,,,,,,1,,,,,,2,,,,,,,,,,,,,,,,,,,,,,,,1,,,,,,1,,,,,,,,,,,,,,,,,,,,,,,,1,,,,,,,,,,,,,,,,,,1,,,,,,1,,,,,,1,,,,,,,,,,,,1,,,,,,2,,,,,,1,,,,,,,,,,,,,,,,,,1,,,,,,,,,,,,1,,,,,,,,,,,,,,,,,,,,,,,,1,,,,,,1,,,,,,,,,,,,,,,,,,,,,,,,,,,,,,,,,,,,3,,,,,,,,,,,,,,,,,,3,,,,,,1,,,,,,1,,,,,,,,,,,,,,,,,,,,,,,,,,,,,,,,,,,,,,,,,,,,,,,,,,,,,,,,,,,,,,,,,,,,,,,,1,,,,,,,,,,,,1,,,,,,,,,,,,1,,,,,,,,,,,,,,,,,,,,,,,,,,,,,,1,,,,,,,,,,,,,,,,,,,,,,,,,,,,,,,,,,,,,,,,,,,,,,,,1,,,,,,,,,,,,,,,,,,,,,,,,,,,,,,,,,,,,,,,,,,,,,,,,,,,,,,,,,,,,1,,,,,,,,,,,,1,,,,,,2,,,,,,,,,,,,25,,,40,,,0,,,21,,,,,,,,,,,,,,,,,,3,,,,,,,,,,,,3,,,,,,14,,,,,,3,,,,,,3,,,,,,7,,,,,,8,,,,,,28,,,,,,16,,,,,,15,,,,,,5,,,,,,3,,,,,,,,,,,,,,,,,,88,,,129,,,0,,,24,,,,,,1,,,,,,9,,,,,,5,,,,,,4,,,,,,6,,,,,,11,,,,,,4,,,,,,1,,,,,,13,,,,,,9,,,,,,2,,,,,,26,,,,,,54,,,115,,,0,,,15,,,,,,6,,,,,,37,,,,,,3,,,,,,15,,,,,,,,,,,,47,,,76,,,0,,
,27413,23951,3391,1,1673,,,52,,,BL-1673-52-recto,,,9,,,December,,,16,,,December,,,3,,,,,,1,,,,,,1,,,,,,,,,,,,,,,,,,,,,,,,,,,,,,,,,,,,1,,,,,,2,,,,,,,,,,,,2,,,,,,1,,,,,,,,,,,,3,,,,,,1,,,,,,,,,,,,,,,,,,,,,,,,,,,,,,,,,,,,1,,,,,,,,,,,,,,,,,,,,,,,,,,,,,,1,,,,,,2,,,,,,,,,,,,,,,,,,,,,,,,4,,,,,,,,,,,,,,,,,,,,,,,,1,,,,,,2,,,,,,1,,,,,,,,,,,,,,,,,,,,,,,,1,,,,,,2,,,,,,1,,,,,,,,,,,,1,,,,,,,,,,,,,,,,,,1,,,,,,,,,,,,,,,,,,,,,,,,,,,,,,2,,,,,,1,,,,,,,,,,,,,,,,,,,,,,,,,,,,,,,,,,,,,,,,,,1,,,,,,,,,,,,,,,,,,,,,,,,,,,,,,,,,,,,1,,,,,,,,,,,,1,,,,,,,,,,,,,,,,,,,,,,,,1,,,,,,,,,,,,,,,,,,,,,,,,,,,,,,,,,,,,,,,,,,,,,,,,1,,,,,,,,,,,,,,,,,,,,,,,,,,,,,,,,,,,,,,,,,,,,,,,,1,,,,,,,,,,,,,,,,,,2,,,,,,1,,,,,,3,,,,,,,,,,,,1,,,,,,33,,,49,,,0,,,10,,,,,,1,,,,,,2,,,,,,5,,,,,,,,,,,,3,,,,,,16,,,,,,6,,,,,,1,,,,,,4,,,,,,7,,,,,,33,,,,,,17,,,,,,14,,,,,,9,,,,,,,,,,,,1,,,,,,,,,,,,87,,,129,,,0,,,17,,,,,,2,,,,,,6,,,,,,1,,,,,,3,,,,,,5,,,,,,9,,,,,,7,,,,,,3,,,,,,11,,,,,,10,,,,,,,,,,,,30,,,,,,75,,,104,,,0,,,5,,,,,,7,,,,,,39,,,,,,,,,,,,17,,,,,,,,,,,,51,,,68,,,0,,
,26855,23809,3149,1,1678,,,14,,,BL-1678-14-recto,,,21,,,March,,,28,,,March,,,1,,,,,,1,,,,,,,,,,,,,,,,,,,,,,,,,,,,,,2,,,,,,1,,,,,,2,,,,,,,,,,,,,,,,,,,,,,,,,,,,,,,,,,,,1,,,,,,,,,,,,,,,,,,,,,,,,,,,,,,,,,,,,,,,,,,,,,,,,,,,,,,1,,,,,,,,,,,,,,,,,,,,,,,,,,,,,,,,,,,,2,,,,,,,,,,,,1,,,,,,,,,,,,,,,,,,1,,,,,,1,,,,,,1,,,,,,,,,,,,,,,,,,,,,,,,,,,,,,1,,,,,,,,,,,,,,,,,,,,,,,,,,,,,,,,,,,,,,,,,,,,,,,,,,,,,,,,,,,,,,,,,,,,,,,,,,,,,,1,,,,,,,,,,,,,,,,,,,,,,,,,,,,,,,,,,,,1,,,,,,,,,,,,,,,,,,,,,,,,,,,,,,,,,,,,,,,,,,,,,,,,,,,,,,1,,,,,,,,,,,,,,,,,,,,,,,,1,,,,,,1,,,,,,,,,,,,,,,,,,,,,,,,,,,,,,,,,,,,,,,,,,,,,,,,,,,,,,,,,,,,2,,,,,,,,,,,,,,,,,,1,,,,,,,,,,,,,,,,,,,,,,,,,,,,,,,,,,,,,,,,,,1,,,,,,,,,,,,,,,,,,16,,,25,,,0,,,18,,,,,,,,,,,,,,,,,,3,,,,,,1,,,,,,1,,,,,,6,,,,,,7,,,,,,,1,,,1,,4,,,,,,14,,,,,,21,,,,,,11,,,,,,12,,,,,,9,,,,,,1,,,,,,,,,,,,,,,,,,126,,,108,,,0,,,22,,,,,,3,,,,,,6,,,,,,2,,,,,,8,,,,,,5,,,,,,10,,,,,,3,,,,,,1,,,,,,21,,,,,,,1,,,1,,5,,,,,,20,,,,,,73,,,106,,,0,,,17,,,,,,6,,,,,,24,,,,,,,,,,,,14,,,,,,,,,,,,52,,,61,,,0,,